decision_0_0_0_s1 decision_0_0_0_s2 decision_0_0_0_s3 decision_0_0_1_s1 decision_0_0_1_s2 decision_0_0_1_s3 decision_0_0_2_s1 decision_0_0_2_s2 decision_0_0_2_s3 decision_0_1_0_s1 decision_0_1_0_s2 decision_0_1_0_s3 decision_0_1_1_s1 decision_0_1_1_s2 decision_0_1_1_s3 decision_0_1_2_s1 decision_0_1_2_s2 decision_0_1_2_s3 decision_0_2_0_s1 decision_0_2_0_s2 decision_0_2_0_s3 decision_0_2_1_s1 decision_0_2_1_s2 decision_0_2_1_s3 decision_0_2_2_s1 decision_0_2_2_s2 decision_0_2_2_s3 decision_1_0_0_s1 decision_1_0_0_s2 decision_1_0_0_s3 decision_1_0_1_s1 decision_1_0_1_s2 decision_1_0_1_s3 decision_1_0_2_s1 decision_1_0_2_s2 decision_1_0_2_s3 decision_1_1_0_s1 decision_1_1_0_s2 decision_1_1_0_s3 decision_1_1_1_s1 decision_1_1_1_s2 decision_1_1_1_s3 decision_1_1_2_s1 decision_1_1_2_s2 decision_1_1_2_s3 decision_1_2_0_s1 decision_1_2_0_s2 decision_1_2_0_s3 decision_1_2_1_s1 decision_1_2_1_s2 decision_1_2_1_s3 decision_1_2_2_s1 decision_1_2_2_s2 decision_1_2_2_s3 decision_2_0_0_s1 decision_2_0_0_s2 decision_2_0_0_s3 decision_2_0_1_s1 decision_2_0_1_s2 decision_2_0_1_s3 decision_2_0_2_s1 decision_2_0_2_s2 decision_2_0_2_s3 decision_2_1_0_s1 decision_2_1_0_s2 decision_2_1_0_s3 decision_2_1_1_s1 decision_2_1_1_s2 decision_2_1_1_s3 decision_2_1_2_s1 decision_2_1_2_s2 decision_2_1_2_s3 decision_2_2_0_s1 decision_2_2_0_s2 decision_2_2_0_s3 decision_2_2_1_s1 decision_2_2_1_s2 decision_2_2_1_s3 decision_2_2_2_s1 decision_2_2_2_s2 decision_2_2_2_s3 decision_0_0_0_0_mode decision_0_0_0_1_mode decision_0_0_1_0_mode decision_0_0_1_1_mode decision_0_1_0_0_mode decision_0_1_0_1_mode decision_0_1_1_0_mode decision_0_1_1_1_mode decision_1_0_0_0_mode decision_1_0_0_1_mode decision_1_0_1_0_mode decision_1_0_1_1_mode decision_1_1_0_0_mode decision_1_1_0_1_mode decision_1_1_1_0_mode decision_1_1_1_1_mode

	9 10 13 0 5 8 10 13 10 7 14 14 7 11 11 4 10 5 4 7 5 6 15 13 13 0 13 5 8 14 10 15 2 4 4 6 7 2 5 0 9 12 3 10 11 6 4 8 13 5 3 5 6 5 9 7 8 11 15 1 8 8 9 13 2 11 12 15 5 15 10 12 6 1 1 11 3 4 3 8 3 5 3 2 1 4 2 5 4 6 6 4 4 4 4 3 3 	
	13 14 15 7 10 1 11 12 15 13 13 14 7 11 11 4 10 5 4 7 5 6 10 14 4 0 1 12 7 15 2 3 11 7 6 14 8 11 3 4 8 10 10 14 1 0 5 13 3 10 4 4 11 3 13 6 15 0 15 0 13 0 11 5 9 7 2 6 2 13 11 2 13 12 1 7 3 8 5 4 7 6 3 1 6 6 4 5 3 4 2 4 6 3 2 3 6 	
	13 14 15 7 10 1 11 12 15 13 13 14 7 11 11 4 10 5 4 7 5 6 10 14 4 0 1 12 7 15 2 3 11 7 6 14 8 11 3 4 8 10 10 14 1 0 5 13 3 10 4 4 11 3 13 6 15 0 15 0 13 0 11 5 9 7 2 6 2 13 11 2 13 12 1 7 3 8 5 4 7 6 3 1 6 6 4 5 3 4 2 4 6 3 2 3 6 	
	13 14 15 7 10 1 11 1 12 15 12 4 3 4 6 5 1 14 14 6 12 12 10 14 9 6 4 9 13 13 9 9 7 5 11 4 6 2 7 3 2 14 2 14 7 13 6 14 4 7 3 3 15 11 10 6 5 12 11 8 6 1 11 11 9 6 8 0 15 15 13 15 9 10 3 5 2 15 10 0 4 3 5 3 5 4 3 6 2 4 6 6 6 5 3 6 5 	
	13 14 15 7 10 8 11 11 10 7 14 14 7 11 11 4 0 6 11 9 6 7 11 10 4 0 1 12 13 13 9 9 7 5 11 4 6 2 7 3 2 14 2 14 7 13 14 13 12 9 12 12 12 10 8 15 11 4 10 11 0 12 11 15 9 6 8 0 15 14 9 7 6 1 3 1 8 14 0 9 4 5 6 6 6 2 4 5 3 4 2 4 6 3 3 6 5 	
	13 14 15 7 4 1 11 1 13 4 4 11 12 9 9 14 3 5 0 11 8 7 11 10 4 0 1 12 7 15 2 3 11 7 6 14 8 11 3 4 8 10 10 3 6 4 10 0 10 0 9 13 7 11 8 11 3 15 4 2 13 0 11 5 9 7 2 6 2 13 11 9 13 12 1 7 3 10 6 1 8 5 4 3 5 4 3 6 2 4 6 6 6 5 3 6 5 	
	13 14 15 7 4 1 11 1 13 4 4 11 12 9 9 14 3 5 0 7 8 6 10 14 4 0 1 12 7 15 2 3 11 7 6 14 8 11 3 4 8 10 10 14 1 0 5 13 3 10 4 4 11 3 13 6 15 0 15 0 13 0 11 5 9 7 2 6 2 13 11 2 13 12 1 7 1 10 6 1 8 5 4 3 6 6 4 5 3 4 2 4 6 3 2 5 1 	
	13 14 15 7 10 8 11 11 10 7 14 14 7 11 11 4 0 6 11 9 6 7 11 10 4 0 1 12 13 13 9 9 7 5 11 4 6 2 7 3 2 14 2 14 7 13 14 13 12 9 12 12 12 10 8 15 11 4 10 11 0 12 11 15 9 6 8 0 15 14 9 7 6 1 3 1 8 14 0 9 4 5 6 6 6 2 4 5 3 4 2 4 6 3 3 6 5 	
	13 14 15 7 4 1 11 1 13 4 4 11 12 9 9 14 3 5 0 11 8 7 11 10 4 0 1 12 7 15 2 3 11 7 6 14 8 11 3 4 8 10 10 3 6 4 10 0 10 0 9 13 7 11 8 11 3 15 4 2 13 0 11 5 9 7 2 6 2 13 11 9 13 12 1 7 3 10 6 1 8 5 4 3 5 4 3 6 3 4 2 4 6 3 2 5 1 	
	13 14 15 7 10 8 2 12 15 13 13 11 2 0 5 12 4 14 0 11 8 7 11 10 4 0 1 12 7 15 2 3 11 7 6 14 8 11 7 3 2 14 2 14 7 13 14 13 12 9 12 12 12 10 8 15 11 4 10 11 0 12 11 15 9 6 8 0 15 14 9 7 6 1 3 1 8 14 0 9 4 5 6 6 6 2 4 5 3 4 2 4 6 3 3 6 5 	
	13 14 15 7 4 1 11 12 15 13 13 11 2 0 5 12 4 14 0 11 8 7 11 10 4 0 1 12 7 15 2 3 13 5 11 4 6 2 7 3 2 14 2 14 7 13 13 12 15 0 12 12 12 10 8 15 11 4 10 9 13 0 11 5 9 7 2 6 2 13 11 2 13 12 1 7 3 8 5 4 7 6 3 1 6 6 4 5 3 4 2 4 6 5 3 6 5 	
	13 14 15 7 10 8 11 11 10 7 14 14 7 0 5 12 4 14 0 7 8 6 10 14 4 0 1 12 7 15 2 3 11 7 6 14 8 11 3 4 8 10 10 14 1 0 5 13 3 10 4 4 11 3 13 6 15 0 15 0 13 0 11 5 9 7 2 6 2 13 11 2 13 10 3 7 1 10 6 1 8 5 4 3 5 4 3 6 2 4 6 6 6 5 3 6 5 	
	13 14 15 7 10 8 11 11 10 7 14 14 7 11 11 4 10 5 4 7 5 6 10 14 4 0 1 12 7 15 2 3 11 7 6 14 8 11 3 4 8 10 10 14 1 0 5 13 3 10 4 4 11 3 13 6 15 0 15 0 13 0 11 5 9 7 2 6 2 13 11 2 1 10 3 7 1 10 6 1 8 5 4 3 5 4 3 5 3 4 2 4 6 3 2 5 1 	
	13 14 15 7 4 1 11 1 13 4 4 11 12 9 9 14 3 5 7 5 9 0 3 14 6 2 12 13 14 11 3 8 2 0 3 14 9 3 15 11 2 4 10 2 13 3 11 12 12 6 0 0 14 15 0 7 11 10 0 7 11 2 14 8 13 14 7 4 4 15 13 15 9 10 3 5 2 15 10 0 4 3 5 3 5 4 3 6 2 4 6 6 6 5 3 6 5 	
	13 14 15 7 4 1 11 1 13 4 4 11 12 9 9 14 3 5 0 11 8 7 11 10 4 0 1 12 7 15 2 3 11 7 6 14 8 11 3 4 8 10 10 3 6 4 10 0 10 0 9 13 7 11 8 11 3 15 4 2 13 0 11 5 9 7 2 6 2 13 11 9 13 12 1 7 3 10 6 1 8 5 4 3 5 4 3 6 2 4 6 6 6 5 3 6 5 	
	13 14 15 7 10 8 2 12 15 13 5 5 5 14 2 5 1 14 0 11 8 7 11 10 4 0 1 12 7 15 2 3 13 6 10 14 6 2 7 3 2 14 2 14 1 0 5 13 3 10 4 4 11 3 13 6 15 0 15 0 13 0 11 5 9 7 2 6 2 13 11 2 13 12 1 7 3 8 5 4 7 6 3 1 6 6 4 5 3 4 2 4 6 3 2 5 1 	
	13 14 15 7 10 8 2 12 15 13 5 5 5 14 2 5 1 14 14 6 12 12 10 14 9 6 4 9 13 13 9 9 7 5 11 4 6 2 7 3 2 14 2 14 7 13 13 12 15 0 12 12 12 10 8 15 11 4 10 11 0 12 11 15 4 0 1 6 2 13 11 2 13 12 1 7 3 8 0 10 8 3 6 3 5 5 5 6 6 1 3 5 3 4 2 3 6 	
	13 14 15 7 4 1 11 1 13 4 4 11 12 9 9 14 3 5 0 11 8 7 11 10 4 0 1 12 7 15 2 3 11 7 6 14 8 11 3 4 8 10 10 14 1 0 5 13 3 10 4 4 11 3 13 6 15 0 15 9 13 0 11 5 9 7 2 6 2 13 11 9 13 12 3 7 1 10 6 1 8 5 4 3 5 4 3 6 2 4 6 6 6 5 3 6 5 	
	13 14 15 7 10 8 11 11 10 7 14 14 7 11 9 14 4 14 0 11 8 7 11 10 4 0 1 12 7 15 2 3 11 7 6 14 8 11 3 4 8 10 10 3 1 0 5 13 3 10 4 4 11 3 13 6 15 0 15 0 13 0 11 5 9 7 2 6 2 13 11 2 13 12 1 7 3 8 5 4 7 6 3 1 6 6 4 5 3 4 2 4 6 3 2 5 1 	
	13 14 15 7 10 8 11 11 10 7 14 14 7 11 11 4 10 5 4 7 5 6 10 10 4 0 1 12 7 15 2 3 11 7 6 14 8 11 3 4 8 10 10 3 6 4 10 0 10 0 9 13 11 3 13 6 15 0 15 0 13 0 11 5 9 7 2 6 2 13 11 2 13 12 1 7 3 8 5 4 7 6 3 1 6 6 4 5 3 4 2 4 6 3 2 5 1 	
	13 14 15 7 10 8 11 11 10 7 14 5 5 14 2 5 1 14 0 11 8 7 11 10 4 0 1 12 7 15 2 3 13 6 10 14 8 11 3 4 8 10 10 3 6 4 10 0 10 0 9 13 7 11 8 11 3 15 4 2 3 3 14 1 10 7 13 7 10 6 0 4 1 10 3 7 1 10 6 1 8 5 4 3 5 4 3 6 2 4 6 6 6 3 2 5 1 	
	13 14 15 7 10 8 11 11 10 7 14 14 7 11 11 4 10 5 4 7 5 6 10 10 4 0 1 12 7 15 2 3 11 7 6 14 8 11 3 4 8 10 10 3 6 4 10 0 10 0 9 4 11 3 13 6 15 0 15 0 13 0 11 5 9 7 2 6 2 13 11 2 13 12 1 7 1 10 6 1 8 5 4 3 6 6 4 5 3 4 2 4 6 3 2 6 5 	
	13 14 15 7 10 8 2 12 15 13 5 11 2 0 5 12 4 14 0 7 8 6 10 14 4 0 1 12 7 15 2 3 11 7 6 14 8 11 3 4 8 10 10 14 1 0 5 13 3 10 4 4 11 3 13 6 15 0 15 0 13 0 11 5 9 7 2 6 2 13 11 2 13 12 1 7 1 10 6 1 8 5 4 3 6 6 4 5 3 4 2 4 6 3 2 5 1 	
	13 14 15 7 10 8 11 11 10 7 14 14 7 0 5 12 4 14 0 7 8 6 10 14 4 0 1 12 7 15 2 3 11 7 6 14 8 11 3 4 8 10 10 14 1 0 5 13 3 10 4 4 11 3 13 6 15 0 15 0 13 0 11 5 9 7 2 6 2 13 11 2 13 12 1 7 1 10 6 1 8 5 4 3 6 6 4 5 3 4 2 4 6 3 2 5 1 	
	13 14 15 7 10 8 2 12 15 13 5 11 2 0 5 12 4 14 0 7 8 6 10 14 4 0 1 12 7 15 2 3 11 7 6 14 8 11 3 4 8 10 10 14 1 0 5 13 3 10 4 4 11 3 13 6 15 0 15 0 13 0 11 5 9 7 2 6 2 13 11 2 13 12 1 7 1 10 6 1 8 5 4 3 6 6 4 5 3 4 2 4 6 3 2 5 1 	
	13 14 15 7 10 8 2 12 15 13 12 4 3 4 6 5 0 6 11 9 6 7 11 10 4 0 1 12 13 13 9 9 7 5 11 4 6 2 7 3 2 14 2 14 7 13 14 13 12 9 12 12 12 10 8 15 11 4 10 11 0 12 11 15 9 6 8 0 15 14 9 7 6 1 3 1 8 14 0 9 4 5 6 6 6 2 4 5 3 4 2 4 6 3 3 6 5 	
	13 14 15 7 10 1 11 12 15 13 13 11 2 0 5 12 4 14 0 7 8 6 10 14 4 0 1 12 7 15 2 3 11 7 6 14 8 11 3 4 8 10 10 14 1 0 5 13 3 10 4 4 11 3 13 6 15 0 15 9 13 0 11 5 10 7 13 7 10 6 0 4 13 12 1 7 1 10 6 1 8 5 4 3 6 6 4 5 3 4 2 4 6 3 2 5 1 	
	13 14 15 7 4 1 11 1 13 4 4 11 12 9 9 14 3 5 7 5 9 0 3 14 6 2 12 13 14 11 3 8 2 0 3 14 9 3 15 11 2 4 10 2 13 3 11 12 12 6 0 0 14 15 0 7 11 10 0 7 11 2 14 8 13 14 7 4 4 15 13 15 9 10 3 5 2 15 10 0 4 3 5 3 5 4 3 6 2 4 6 6 6 5 3 6 5 	
	11 14 15 7 10 13 1 3 12 15 12 4 3 4 6 5 1 14 14 6 12 12 10 14 9 6 4 9 13 13 9 9 7 5 11 4 6 2 7 3 2 14 2 14 7 13 14 13 12 9 7 12 12 10 8 15 11 4 10 11 0 12 11 15 9 6 8 0 15 14 9 7 6 1 3 1 8 14 0 9 4 5 6 6 6 2 4 3 6 3 3 2 6 5 3 5 1 	
	13 14 15 7 10 13 1 3 12 15 12 4 3 4 6 5 1 14 14 6 12 12 10 14 9 6 4 9 13 13 9 9 7 5 11 4 6 2 7 3 2 14 2 14 7 13 14 13 12 9 7 12 12 10 8 15 11 4 10 11 0 12 11 15 9 6 8 0 15 14 9 7 6 1 3 1 8 14 0 9 4 5 6 6 6 2 4 3 6 3 3 2 6 3 2 5 1 	
	13 14 15 7 4 1 11 1 13 4 4 11 12 9 9 14 3 5 0 11 8 7 11 10 4 0 1 12 7 15 2 3 11 7 6 14 8 11 3 4 8 10 10 14 1 0 5 13 3 10 4 4 11 3 13 6 15 0 15 9 13 0 11 5 9 7 2 6 2 13 11 2 13 12 1 7 1 10 6 1 8 5 4 3 6 4 3 6 2 4 6 6 6 5 3 6 5 	
	13 14 15 7 10 8 2 12 15 13 12 4 3 4 6 5 1 14 14 6 12 12 10 14 9 6 4 9 13 13 9 9 7 5 11 4 6 2 7 3 2 14 2 14 7 13 6 12 15 0 12 12 12 10 8 15 11 4 10 11 0 12 11 15 4 6 8 0 15 14 9 7 6 1 3 1 8 14 0 9 4 5 6 6 6 2 4 3 6 3 3 2 6 5 3 6 5 	
	11 14 15 7 10 8 2 3 12 15 12 4 3 4 6 5 1 14 14 6 12 12 10 14 9 6 4 9 13 13 9 9 7 5 11 4 6 2 7 3 2 14 2 14 7 13 14 13 12 9 7 12 12 10 8 15 11 4 10 11 0 12 11 15 9 6 8 0 15 14 9 7 6 1 3 1 8 14 0 9 4 5 6 6 5 1 4 5 3 4 2 1 2 5 4 5 5 	
	13 14 15 7 10 8 11 11 10 7 14 14 7 11 11 4 10 5 4 7 5 6 10 10 4 0 1 12 7 15 2 3 11 7 6 14 8 11 3 4 8 10 10 3 6 4 10 0 10 0 9 13 11 3 13 6 15 0 15 0 13 0 11 5 9 7 2 6 2 13 11 2 13 12 1 7 3 8 5 4 7 6 3 1 6 6 4 5 3 4 2 4 6 3 2 5 1 	
	13 14 15 7 10 8 2 12 15 13 5 11 2 0 5 12 4 14 0 7 8 6 10 14 4 0 1 12 7 15 2 3 11 7 6 14 8 11 3 4 8 10 10 14 1 0 5 13 3 10 4 4 11 3 13 6 15 0 15 0 13 0 11 5 9 7 2 6 2 13 11 2 13 12 1 7 1 10 6 1 8 5 4 3 5 4 3 6 2 4 6 6 6 5 3 6 5 	
	13 14 15 7 10 1 11 12 15 13 13 11 2 0 5 12 4 14 0 7 8 6 10 14 4 0 1 12 7 15 2 3 11 7 6 14 8 11 3 4 8 10 10 14 1 0 5 13 3 10 4 4 11 3 13 6 15 0 15 9 13 0 11 5 10 7 13 7 10 6 0 4 1 10 3 7 1 10 6 1 8 5 4 3 5 4 3 5 3 4 2 4 6 3 2 5 1 	
	13 14 15 7 10 8 11 11 10 7 14 14 7 11 11 4 10 5 4 7 5 6 10 14 4 0 1 12 7 15 2 3 13 6 10 14 8 11 3 4 8 10 10 14 1 0 5 13 3 10 4 4 11 3 13 6 15 15 4 2 3 0 11 5 9 7 2 6 2 13 11 2 13 12 1 7 3 8 5 4 7 6 3 1 6 6 4 5 3 4 2 4 6 3 2 5 1 	
	13 14 15 7 10 1 11 12 15 13 13 11 2 0 5 12 4 14 0 7 8 6 10 14 4 0 1 12 7 15 2 3 11 7 6 14 8 11 3 4 8 10 10 14 1 0 5 13 3 10 4 4 11 3 13 6 15 0 15 9 13 0 11 5 10 7 13 7 10 6 0 4 1 10 3 7 1 10 6 1 8 5 4 3 5 4 3 5 3 4 2 4 6 3 2 5 1 	
	13 14 15 7 10 8 2 12 15 13 12 4 3 4 6 5 1 14 14 6 12 12 10 14 9 6 4 9 13 13 9 9 7 5 11 4 6 2 7 3 2 14 2 14 7 13 6 12 15 0 12 12 12 10 8 15 11 4 10 11 0 12 11 15 4 6 8 0 15 14 9 7 6 1 3 1 8 14 0 9 4 5 6 6 6 2 4 3 6 3 3 2 6 5 3 6 5 	
	13 14 15 7 10 8 2 12 15 13 5 5 5 14 2 5 1 14 14 6 12 12 10 14 9 6 4 12 13 13 9 9 7 5 11 4 6 2 7 3 2 14 2 14 7 13 13 12 15 0 12 12 12 10 8 15 11 4 10 8 6 1 11 15 4 6 8 0 15 14 9 7 6 1 3 1 8 14 0 9 4 5 6 6 6 2 4 3 6 3 3 2 6 5 3 6 5 	
	13 14 15 7 10 8 2 12 15 13 5 5 5 14 2 5 1 14 14 6 12 12 10 14 9 6 4 9 13 13 9 9 7 5 11 4 6 2 7 3 2 14 2 14 7 13 13 12 15 0 12 12 12 10 8 15 11 4 10 8 6 1 11 15 4 6 8 0 15 14 9 7 6 1 3 1 8 14 0 9 4 5 6 6 6 2 4 3 6 3 3 2 6 5 3 6 5 	
	13 14 15 7 10 8 11 11 10 7 14 14 7 11 9 14 4 14 0 11 8 7 11 10 4 0 1 12 7 15 2 3 11 7 6 14 8 11 3 4 8 10 10 3 1 0 5 13 3 10 4 4 11 3 13 6 15 0 15 0 13 0 11 5 9 7 2 6 2 13 11 2 13 12 1 7 3 8 5 4 7 6 3 1 6 6 4 5 3 4 2 4 6 3 2 5 1 	
	13 14 15 7 10 8 2 12 15 13 5 5 5 14 2 5 1 14 14 6 12 12 10 14 9 6 4 12 13 13 9 9 7 5 11 4 6 2 7 3 2 14 2 14 7 13 13 12 15 0 12 12 12 10 8 15 11 4 10 8 6 1 11 15 4 6 8 0 15 14 9 7 6 1 3 1 8 14 0 9 4 5 6 6 6 2 4 3 6 3 3 2 6 5 3 6 5 	
	13 14 15 7 10 8 11 11 10 7 14 14 7 11 11 4 10 5 4 7 5 6 10 14 4 0 1 12 7 15 2 3 11 7 6 14 8 11 3 4 8 10 10 14 1 0 5 13 3 10 4 4 11 3 13 6 15 0 15 0 13 0 11 5 9 7 2 6 2 13 11 2 13 12 1 7 1 10 6 1 8 5 4 3 6 6 4 5 3 4 2 4 6 3 2 6 5 	
	13 14 15 7 10 8 11 11 10 7 14 14 7 11 11 4 10 5 4 7 5 6 10 14 4 0 1 12 7 15 2 3 11 7 6 14 8 11 3 4 8 10 10 14 1 0 5 13 3 10 4 4 11 3 13 6 15 0 15 0 13 0 11 5 9 7 2 6 2 13 11 2 13 12 1 7 1 10 6 1 8 5 4 3 6 6 4 5 3 4 2 4 6 3 2 3 6 	
	13 14 15 7 4 1 11 1 13 4 4 11 12 9 9 14 3 5 7 5 9 0 3 14 6 2 12 13 14 11 3 8 2 0 3 14 9 3 15 11 2 4 10 2 13 3 11 12 12 6 0 0 14 15 0 7 11 10 0 7 11 2 14 8 13 14 7 4 4 15 13 15 9 10 3 5 2 15 10 0 4 3 5 3 5 4 3 6 2 4 6 6 6 5 3 6 5 	
	13 14 15 7 4 1 11 1 13 4 4 11 12 9 9 14 3 5 7 5 9 0 3 14 6 2 12 13 14 11 3 8 2 0 3 14 9 3 15 11 2 4 10 2 13 3 11 12 12 6 0 0 14 15 0 7 11 10 0 7 11 2 14 8 13 14 7 4 4 15 13 15 9 10 3 5 2 15 10 0 4 3 5 3 5 4 3 6 2 4 6 6 6 5 3 6 5 	
	13 14 15 7 10 8 2 12 15 13 12 4 3 4 6 5 1 14 14 6 12 12 10 14 9 6 4 9 13 13 9 9 7 5 11 4 6 2 7 3 2 14 2 14 7 13 6 12 15 0 12 12 12 10 8 15 11 4 10 11 0 12 11 15 4 6 8 0 15 14 9 7 6 1 3 1 8 14 0 9 4 5 6 6 6 2 4 3 6 3 3 2 6 5 3 5 1 	
	13 14 15 7 10 8 11 11 10 7 14 14 7 11 11 4 10 5 4 7 5 6 10 14 4 0 1 12 7 15 2 3 11 7 6 14 8 11 3 4 8 10 10 14 1 0 5 13 3 10 4 4 11 3 13 6 15 0 15 0 13 0 11 5 9 7 2 6 2 13 11 2 13 12 1 7 1 10 6 1 8 5 4 3 6 6 4 5 3 4 2 4 6 3 2 5 1 	
	13 14 15 7 10 8 11 11 10 7 14 14 7 11 11 4 10 5 4 7 5 6 10 14 4 0 1 12 7 15 2 3 11 7 6 14 8 11 3 4 8 10 10 14 1 0 5 13 3 10 4 4 11 3 13 6 15 0 15 0 13 0 11 5 9 7 2 6 2 13 11 2 13 12 1 7 8 14 0 9 4 5 6 6 6 2 4 3 6 3 3 2 6 3 2 5 1 	
	13 14 15 7 10 8 11 11 10 7 14 14 7 11 11 4 10 5 4 7 5 6 10 14 4 0 1 12 7 15 2 3 11 7 6 14 8 11 3 4 8 10 10 14 1 0 5 13 3 10 12 12 12 10 8 15 11 15 4 2 3 3 14 1 10 7 13 0 15 14 9 7 6 1 3 1 8 14 0 9 4 5 6 6 6 2 4 5 3 4 2 4 6 3 2 5 1 	
	13 14 15 7 10 8 2 12 15 13 5 5 5 14 2 5 1 14 14 6 12 12 10 14 9 6 4 9 13 13 9 9 7 5 11 4 6 2 7 3 2 14 2 14 7 13 13 12 15 0 12 12 12 10 8 15 11 4 10 11 0 12 11 15 4 0 1 6 2 13 11 2 13 12 1 7 3 8 0 10 8 3 6 3 5 5 5 6 6 1 3 5 3 4 2 3 6 	
	13 14 15 7 10 8 11 11 10 7 14 14 7 11 11 4 10 5 4 7 5 6 10 14 4 0 1 12 7 15 2 3 11 7 6 14 8 11 3 4 8 10 10 14 1 0 5 13 3 10 4 4 11 3 13 6 15 0 15 0 13 0 11 5 9 7 2 6 2 13 11 2 13 12 1 7 1 10 6 1 8 5 4 3 6 6 4 5 3 4 2 4 6 3 2 6 5 	
	13 14 15 7 10 8 11 11 10 7 14 5 5 14 2 5 1 14 0 11 8 7 11 10 4 0 1 12 7 13 9 9 7 5 11 4 6 2 7 3 2 14 2 14 7 13 14 13 12 9 12 12 12 10 8 15 11 4 10 11 0 12 11 15 9 6 8 0 15 14 9 7 6 1 3 1 8 14 0 9 4 5 6 6 6 2 4 5 3 4 2 4 6 3 3 6 5 	
	13 14 15 7 10 8 2 12 15 13 5 5 5 14 2 5 1 14 14 6 12 12 10 14 9 6 4 12 13 13 9 9 7 5 11 4 6 2 7 3 2 14 2 14 7 13 13 12 15 0 12 12 12 10 8 15 11 4 10 8 6 1 11 15 4 6 8 0 15 14 9 7 6 1 3 1 8 14 0 9 4 5 6 6 6 2 4 3 6 3 3 2 6 5 3 6 5 	
	13 14 15 7 10 1 11 12 15 13 13 14 7 11 11 4 10 5 4 7 5 6 10 14 4 0 1 12 7 15 2 3 11 7 6 14 8 11 3 4 8 10 10 14 1 0 5 13 3 10 4 4 11 3 13 6 15 0 15 0 13 0 11 5 9 7 2 6 2 13 11 2 13 12 1 7 3 8 5 4 7 6 3 1 6 6 4 5 3 4 2 4 6 3 2 3 6 	
	13 14 15 7 10 8 11 11 10 7 14 14 7 11 9 14 4 14 0 11 8 7 11 10 4 0 1 12 7 15 2 3 11 7 6 14 8 11 3 4 8 10 10 3 1 0 5 13 3 10 4 4 11 3 13 6 15 0 15 0 13 0 11 5 9 7 2 6 2 13 11 2 13 12 1 7 3 8 5 4 7 6 3 1 6 6 4 5 3 4 2 4 6 3 2 5 1 	
	13 14 15 7 10 8 11 11 10 7 14 14 7 11 11 4 10 5 4 7 5 6 10 14 4 0 1 12 7 15 2 3 11 7 6 14 8 11 3 4 8 10 10 14 1 0 5 13 3 10 4 4 11 3 13 6 15 0 15 0 13 0 11 5 9 7 2 6 2 13 11 2 13 12 1 7 1 10 6 1 8 5 4 3 6 6 4 5 3 4 2 4 6 3 2 6 5 	
	13 14 15 7 10 1 11 12 15 13 13 14 7 11 11 4 10 5 4 7 5 6 10 14 4 0 1 12 7 15 2 3 11 7 6 14 8 11 3 4 8 10 10 14 1 0 5 13 3 10 4 4 11 3 13 6 15 0 15 0 13 0 11 5 9 7 2 6 2 13 11 2 13 12 1 7 3 8 5 4 7 6 3 1 6 6 4 5 3 4 2 4 6 3 2 5 1 	
	13 14 15 7 10 1 11 12 15 13 13 11 2 0 5 12 4 14 0 7 8 6 10 14 4 0 1 12 7 15 2 3 11 7 6 14 8 11 3 4 8 10 10 14 1 0 5 13 3 10 4 4 11 3 13 6 15 0 15 9 13 0 11 5 10 7 13 7 10 6 0 4 1 10 3 7 1 10 6 1 8 5 4 3 5 4 3 5 3 4 2 4 6 3 2 5 1 	
	13 14 15 7 10 8 11 11 10 7 14 14 7 11 11 4 10 5 4 7 5 6 10 14 4 0 1 12 7 15 2 3 11 7 6 14 8 11 3 4 8 10 10 14 1 0 5 13 3 10 4 4 11 3 13 6 15 0 15 0 13 0 11 5 9 7 2 6 2 13 11 2 13 12 1 7 1 10 6 1 8 5 4 3 6 6 4 5 3 4 2 4 6 3 2 5 1 	
	13 14 15 7 10 8 11 11 10 7 14 14 7 11 11 4 10 5 4 7 5 6 10 14 4 0 1 12 7 15 2 3 11 7 6 14 8 11 3 4 8 10 10 14 1 0 5 13 3 10 4 4 11 3 13 6 15 0 15 0 13 0 11 5 9 7 2 6 2 13 11 2 13 12 1 7 1 10 6 1 8 5 4 3 6 6 4 5 3 4 2 4 6 3 2 3 6 	
	13 14 15 7 10 8 11 11 10 7 14 14 7 11 11 4 10 5 4 7 5 6 10 14 4 0 1 12 7 15 2 3 11 7 6 14 8 11 3 4 8 10 10 14 1 0 5 13 3 10 4 4 11 3 13 6 15 0 15 0 13 0 11 5 9 7 2 6 2 13 11 2 13 12 1 7 1 10 6 1 8 5 4 3 6 6 4 5 3 4 2 4 6 3 2 6 5 	
	13 14 15 7 10 8 11 11 10 7 14 14 7 11 11 4 10 5 4 7 5 6 10 14 4 0 1 12 7 15 2 3 11 7 6 14 8 11 3 4 8 10 10 14 1 0 5 13 3 10 4 4 11 3 13 6 15 0 15 0 13 0 11 5 9 7 2 6 2 13 11 2 13 12 1 7 1 10 6 1 8 5 4 3 6 6 4 5 3 4 2 4 6 3 2 5 1 	
	13 14 15 7 10 8 2 12 15 13 12 4 3 4 6 5 1 14 14 6 12 12 10 14 9 6 4 9 13 13 9 9 7 5 11 4 6 2 7 3 2 14 2 14 7 13 6 12 15 0 12 12 12 10 8 15 11 4 10 11 0 12 11 15 4 6 8 0 15 14 9 7 6 1 3 1 8 14 0 9 4 5 6 6 6 2 4 3 6 3 3 2 6 5 3 6 5 	
	13 14 15 7 4 1 11 1 13 4 4 11 12 9 9 14 3 5 0 11 8 7 11 10 4 0 1 12 7 15 2 3 11 7 6 14 8 11 3 4 8 10 10 3 6 4 10 0 10 0 9 13 7 11 8 11 3 15 4 2 13 0 11 5 9 7 2 6 2 13 11 9 13 12 1 7 3 10 6 1 8 5 4 3 5 4 3 6 2 4 6 6 6 5 3 6 5 	
	13 14 15 7 10 1 11 12 15 13 13 14 7 11 11 4 10 5 4 7 5 6 10 14 4 0 1 12 7 15 2 3 11 7 6 14 8 11 3 4 8 10 10 14 1 0 5 13 3 10 4 4 11 3 13 6 15 0 15 0 13 0 11 5 9 7 2 6 2 13 11 2 13 12 1 7 3 8 5 4 7 6 3 1 6 6 4 5 3 4 2 4 6 3 2 3 6 	
	13 14 15 7 10 8 11 11 10 7 14 14 7 11 9 14 4 14 0 11 8 7 11 10 4 0 1 12 7 15 2 3 11 7 6 14 8 11 3 4 8 10 10 3 1 0 5 13 3 10 4 4 11 3 13 6 15 0 15 0 13 0 11 5 9 7 2 6 2 13 11 2 13 12 1 7 3 8 5 4 7 6 3 1 6 6 4 5 3 4 2 4 6 3 2 5 1 	
	13 14 15 7 10 8 11 11 10 7 14 14 7 11 11 4 10 5 4 7 5 6 10 14 4 0 1 12 7 15 2 3 11 7 6 14 8 11 3 4 8 10 10 14 1 0 5 13 3 10 4 4 11 3 13 6 15 0 15 0 13 0 11 5 9 7 2 6 2 13 11 2 13 12 1 7 1 10 6 1 8 5 4 3 6 6 4 5 3 4 2 4 6 3 2 6 5 	
	13 14 15 7 10 8 11 11 10 7 14 14 7 11 11 4 10 5 4 7 5 6 10 14 4 0 1 12 7 15 2 3 11 7 6 14 8 11 3 4 8 10 10 14 1 0 5 13 3 10 4 4 11 3 13 6 15 0 15 0 13 0 11 5 9 7 2 6 2 13 11 2 13 12 1 7 1 10 6 1 8 5 4 3 6 6 4 5 3 4 2 4 6 3 2 6 5 	
	13 14 15 7 10 1 11 12 15 13 13 14 7 11 11 4 10 5 4 7 5 6 10 14 4 0 1 12 7 15 2 3 11 7 6 14 8 11 3 4 8 10 10 14 1 0 5 13 3 10 4 4 11 3 13 6 15 0 15 0 13 0 11 5 9 7 2 6 2 13 11 2 13 12 1 7 3 8 5 4 7 6 3 1 6 6 4 5 3 4 2 4 6 3 2 5 1 	
	13 14 15 7 10 1 11 12 15 13 13 14 7 11 11 4 10 5 4 7 5 6 10 14 4 0 1 12 7 15 2 3 11 7 6 14 8 11 3 4 8 10 10 14 1 0 5 13 3 10 4 4 11 3 13 6 15 0 15 0 13 0 11 5 9 7 2 6 2 13 11 2 13 12 1 7 3 8 5 4 7 6 3 1 6 6 4 5 3 4 2 4 6 3 2 3 6 	
	13 14 15 7 10 8 11 11 10 7 14 14 7 14 2 5 1 14 0 11 8 7 11 10 4 0 1 12 7 15 2 3 13 6 10 14 8 11 3 4 8 10 10 3 6 4 10 0 10 0 9 13 7 11 8 11 3 15 4 2 3 3 14 1 10 7 13 7 10 6 0 4 1 10 3 7 1 10 6 1 8 5 4 3 5 4 3 6 2 4 6 6 6 5 3 6 5 	
	13 14 15 7 10 8 2 12 15 13 5 11 2 0 5 12 4 14 0 7 8 6 10 14 4 0 1 12 7 15 2 3 11 7 6 14 8 11 3 4 8 10 10 14 1 0 5 13 3 10 4 4 11 3 13 6 15 0 15 0 13 0 11 5 9 7 2 6 2 13 11 2 13 12 1 7 1 10 6 1 8 5 4 3 6 6 4 5 3 4 2 4 6 3 2 5 1 	
	13 14 15 7 10 8 11 11 10 7 14 5 5 11 9 14 4 14 0 11 8 7 11 10 4 0 1 12 7 15 2 3 11 7 6 14 8 11 3 4 8 10 10 3 1 0 5 13 3 10 4 4 11 3 13 6 15 0 15 0 13 0 11 5 10 7 13 7 10 6 0 4 1 10 3 7 1 10 6 1 8 5 4 3 5 4 3 6 2 4 6 6 6 5 3 6 5 	
	13 14 15 7 10 8 11 11 10 7 14 5 5 14 2 5 1 14 0 11 8 7 11 10 4 0 1 12 7 13 9 9 7 5 11 4 6 2 7 3 2 14 2 14 6 4 10 0 10 0 9 4 11 3 13 6 15 0 15 0 13 0 11 5 9 7 2 6 2 13 11 2 13 12 1 7 1 10 6 1 8 5 4 3 6 6 4 5 3 4 2 4 6 3 2 6 5 	
	13 14 15 7 10 8 11 11 10 7 14 14 7 0 5 12 4 14 0 7 8 6 10 14 4 0 1 12 7 15 2 3 11 7 6 14 8 11 3 4 8 10 10 14 1 0 5 13 3 10 4 4 11 3 13 6 15 0 15 0 13 0 11 5 9 7 2 6 2 13 11 2 13 12 1 7 1 10 6 1 8 5 4 3 6 6 4 5 3 4 2 4 6 3 2 3 6 	
	13 14 15 7 4 1 11 1 13 4 4 11 12 9 9 14 3 5 0 11 8 7 11 10 4 0 1 12 7 15 2 3 11 7 6 14 8 11 3 4 8 10 10 3 6 4 10 0 10 0 9 13 7 11 8 11 3 15 4 2 13 0 11 5 9 7 2 6 2 13 11 9 13 12 1 7 3 10 6 1 8 5 4 3 5 4 3 6 2 4 6 6 6 5 3 6 5 	
	13 14 15 7 4 1 11 1 13 4 4 11 12 9 9 14 3 5 7 5 9 0 3 14 6 2 12 13 14 11 3 8 2 0 3 14 9 3 15 11 2 4 10 2 13 3 11 12 12 6 0 0 14 15 0 7 11 10 0 7 11 2 14 8 13 14 7 4 4 15 13 15 9 10 3 5 2 15 10 0 4 3 5 3 5 4 3 6 2 4 6 6 6 5 3 6 5 	
	13 14 15 7 10 8 11 11 10 7 14 14 7 11 11 4 10 5 4 7 5 6 10 14 4 0 1 12 7 15 2 3 11 7 6 14 8 11 3 4 8 10 10 14 1 0 5 13 3 10 4 4 11 3 13 6 15 0 15 0 13 0 11 5 9 7 2 6 2 13 11 2 13 12 1 7 1 10 6 1 8 5 4 3 6 6 4 5 3 4 2 4 6 3 2 5 1 	
	13 14 15 7 10 8 11 11 10 7 14 14 7 11 9 14 4 14 0 11 8 7 11 10 4 0 1 12 7 15 2 3 11 7 6 14 8 11 3 3 2 14 2 14 1 0 5 13 3 10 4 4 11 3 13 6 15 0 15 0 13 0 11 5 9 7 2 6 2 13 11 2 13 12 1 7 3 8 5 4 7 6 3 1 6 6 4 5 3 4 2 4 6 3 2 5 1 	
	13 14 15 7 10 8 11 11 10 7 14 14 7 11 9 14 4 14 0 11 8 7 10 14 4 0 1 12 7 15 2 3 11 7 6 14 8 11 3 4 8 10 10 14 1 0 5 13 3 10 4 4 11 3 13 6 15 0 15 0 13 0 11 5 9 7 2 6 2 13 11 2 13 12 1 7 1 10 6 1 8 5 4 3 5 4 3 6 2 4 6 6 6 5 3 6 5 	
	13 14 15 7 4 1 11 12 15 13 13 11 2 0 5 12 4 14 0 7 8 6 10 14 4 0 1 12 7 15 2 3 13 6 10 14 6 2 7 4 8 10 10 3 1 0 5 13 3 10 4 4 11 3 13 6 15 0 15 0 13 0 11 5 9 7 2 6 2 13 11 2 13 12 1 7 3 8 5 4 7 6 3 1 6 6 4 5 3 4 2 4 6 3 2 5 1 	
	13 14 15 7 10 8 11 11 10 7 14 14 7 11 11 4 0 6 11 9 6 7 11 10 4 0 1 12 7 15 2 3 11 7 6 14 8 11 3 4 8 10 10 14 1 0 5 13 3 10 4 4 11 3 13 6 15 0 15 0 13 0 11 5 9 7 2 6 2 13 11 2 13 12 1 7 3 8 5 4 7 6 3 1 6 6 4 5 3 4 2 4 6 3 2 3 6 	
	13 14 15 7 10 8 11 11 10 7 14 14 7 11 11 4 10 5 4 7 5 6 10 14 4 0 1 12 7 15 2 3 11 7 6 14 8 11 3 4 8 10 10 14 1 0 5 13 3 10 4 4 11 3 13 6 15 0 15 0 13 0 11 5 9 7 2 6 2 13 11 2 13 12 1 7 1 10 6 1 8 5 4 3 6 6 4 5 3 4 2 4 6 3 2 3 6 	
	13 14 15 7 10 8 11 11 10 7 14 14 7 11 11 4 10 5 4 7 5 6 10 14 4 0 1 12 7 15 2 3 11 7 6 14 8 11 3 4 8 10 10 14 1 0 5 13 3 10 4 4 11 3 13 6 15 0 15 0 13 0 11 5 9 7 2 6 2 13 11 2 13 12 1 7 1 10 6 1 8 5 4 3 6 6 4 5 3 4 2 4 6 3 2 6 5 	
	13 14 15 7 10 8 2 12 15 13 12 4 3 4 6 5 1 14 14 6 12 12 10 14 9 6 4 9 13 13 9 9 7 5 11 4 6 2 7 3 2 14 2 14 7 13 6 12 15 0 12 12 12 10 8 15 11 4 10 11 0 12 11 15 4 6 8 0 15 14 9 7 6 1 3 1 8 14 0 9 4 5 6 6 6 2 4 3 6 3 3 2 6 5 3 6 5 	
	13 14 15 7 10 8 11 11 10 7 14 14 7 11 11 4 10 5 4 7 5 6 10 14 4 0 1 12 7 15 2 3 11 7 6 14 8 11 3 4 8 10 10 14 1 0 5 13 3 10 12 4 11 3 13 6 15 0 15 0 13 0 11 5 9 7 2 6 2 13 11 2 13 12 1 7 1 10 6 1 8 5 4 3 6 6 4 5 3 4 2 4 6 3 2 6 5 	
	13 14 15 7 10 8 11 11 10 7 14 14 7 11 11 4 10 5 4 7 5 6 10 14 4 0 1 12 7 15 2 3 11 7 6 14 8 11 3 4 8 10 10 14 1 0 5 13 3 10 4 4 11 3 13 6 15 0 15 0 13 0 11 5 9 7 2 6 2 13 11 2 13 12 1 7 1 10 6 1 8 5 4 3 6 6 4 5 3 4 2 4 6 3 2 5 1 	
	13 14 15 7 4 1 11 1 13 4 4 11 12 9 9 14 3 5 0 7 8 6 10 14 4 0 1 12 7 15 2 3 11 7 6 14 8 11 3 4 8 10 10 14 1 0 5 13 3 10 4 4 11 3 13 6 15 0 15 0 13 0 11 5 9 7 2 6 2 13 11 2 13 12 1 7 3 10 6 1 8 5 4 3 5 4 3 6 2 4 6 6 6 5 3 6 5 	
	13 14 15 7 10 8 11 11 10 7 14 14 7 11 11 4 10 5 4 7 5 6 10 14 4 0 1 12 7 15 2 3 11 7 6 14 8 11 3 4 8 10 10 14 1 0 5 13 3 10 4 4 11 3 13 6 15 0 15 0 13 0 11 5 9 7 2 6 2 13 11 2 13 12 1 7 1 10 6 1 8 5 4 3 6 6 4 5 3 4 2 4 6 3 2 6 5 	
	13 14 15 7 10 8 11 11 10 7 14 14 7 11 11 4 10 5 4 7 5 6 10 14 4 0 1 12 7 15 2 3 11 7 6 14 8 11 3 4 8 10 10 14 1 0 5 13 3 10 4 4 11 3 13 6 15 0 15 0 13 0 11 5 9 7 2 6 2 13 11 2 13 12 1 7 1 10 6 1 8 5 4 3 6 6 4 5 3 4 2 4 6 3 2 5 1 	
	13 14 15 7 10 8 2 12 15 13 12 4 3 4 6 5 1 14 14 6 12 12 10 14 9 6 4 9 13 13 9 9 7 5 11 4 6 2 7 3 2 14 2 14 7 13 6 12 15 0 12 12 12 10 8 15 11 4 10 11 0 12 11 15 4 6 8 0 15 14 9 7 6 1 3 1 8 14 0 9 4 5 6 6 6 2 4 3 6 3 3 2 6 5 3 5 1 	
	13 14 15 7 10 8 11 11 10 7 14 14 7 11 9 14 4 14 0 11 8 7 11 10 4 0 1 12 7 15 2 3 11 7 6 14 8 11 3 4 8 10 10 3 1 0 5 13 3 10 4 4 12 10 8 15 11 4 10 9 13 0 11 5 9 7 2 6 2 13 11 2 13 12 1 7 3 8 5 4 7 6 3 1 6 6 4 5 3 4 2 4 6 5 3 6 5 	
	13 14 15 7 10 8 2 12 15 13 12 4 3 4 6 5 1 14 14 6 12 12 10 14 9 6 4 9 13 13 9 9 7 5 11 4 6 2 7 3 2 14 2 14 7 13 6 12 15 0 12 12 12 10 8 15 11 4 10 11 0 12 11 15 4 6 8 0 15 14 9 7 6 1 3 1 8 14 0 9 4 5 6 6 6 2 4 3 6 3 3 2 6 5 3 6 5 	
	13 14 15 7 4 1 11 12 15 13 13 11 2 0 5 12 4 14 0 11 8 7 11 10 4 0 1 12 7 15 2 3 13 5 11 4 6 2 7 3 2 14 2 14 7 13 13 12 15 0 12 12 11 3 13 6 15 0 15 0 13 0 11 5 9 7 2 6 2 13 11 2 13 12 1 7 3 8 5 4 7 6 3 1 6 6 4 5 3 4 2 4 6 3 2 5 1 	
	13 14 15 7 10 8 2 12 15 13 5 5 5 14 2 5 1 14 14 6 12 12 10 14 9 6 4 12 13 13 9 9 7 5 11 4 6 2 7 3 2 14 2 14 7 13 13 12 15 0 12 12 12 10 8 15 11 4 10 8 6 1 11 15 4 6 8 0 15 14 9 7 6 1 3 1 8 14 0 9 4 5 6 6 6 2 4 3 6 3 3 2 6 5 3 6 5 	
	13 14 15 7 10 8 2 12 15 13 13 11 2 0 5 12 4 14 0 11 12 12 10 14 9 6 4 12 13 13 9 9 7 5 11 4 6 2 7 3 2 14 2 14 7 13 13 12 15 0 12 12 12 10 8 15 11 4 10 8 6 1 11 15 4 6 8 0 15 14 9 7 6 1 3 1 8 14 0 9 4 5 6 6 6 2 4 3 6 3 3 2 6 5 3 6 5 	
	13 14 15 7 10 1 11 1 12 15 12 4 3 4 6 5 1 14 14 6 12 12 10 14 9 6 4 9 13 13 9 9 7 5 11 4 6 2 7 3 2 14 2 14 7 13 13 12 15 0 12 12 12 10 8 15 11 4 10 8 6 1 11 15 4 6 8 0 15 14 9 7 6 1 3 1 8 14 0 9 4 5 6 6 6 2 4 3 6 3 3 2 6 5 3 6 5 	
