R{"total_costs"}=? [ C<=steps ]	R{"time_per_alarm"}=? [ C<=steps ]/alarms
68.659	1.119
42.557	1.222
42.557	1.222
53.992	1.126
49.587	1.156
48.053	1.184
45.331	1.194
49.587	1.156
52.458	1.132
49.843	1.15
43.509	1.21
46.094	1.191
43.253	1.215
53.945	1.128
48.053	1.184
52.041	1.135
51.151	1.14
47.753	1.186
43.617	1.205
42.737	1.22
46.964	1.187
43.349	1.213
44.357	1.197
43.966	1.198
44.357	1.197
50.296	1.149
43.922	1.2
53.945	1.128
51.605	1.138
51.351	1.139
47.823	1.185
50.899	1.143
50.855	1.144
42.737	1.22
51.837	1.137
43.895	1.202
42.647	1.221
43.895	1.202
50.899	1.143
50.618	1.145
51.837	1.137
43.617	1.205
50.618	1.145
43.281	1.214
43.281	1.214
53.945	1.128
53.945	1.128
50.899	1.143
43.281	1.214
43.281	1.214
43.281	1.214
43.281	1.214
43.281	1.214
43.281	1.214
50.618	1.145
42.557	1.222
43.617	1.205
43.281	1.214
42.557	1.222
43.895	1.202
43.281	1.214
43.281	1.214
43.281	1.214
43.281	1.214
50.899	1.143
48.053	1.184
42.557	1.222
43.617	1.205
43.281	1.214
43.281	1.214
42.557	1.222
42.557	1.222
45.038	1.196
44.357	1.197
46.713	1.188
45.038	1.196
45.038	1.196
48.053	1.184
53.945	1.128
43.281	1.214
43.281	1.214
46.307	1.189
43.71	1.204
42.459	1.225
43.281	1.214
43.281	1.214
50.899	1.143
43.281	1.214
43.281	1.214
43.281	1.214
43.281	1.214
43.281	1.214
50.899	1.143
43.609	1.206
50.899	1.143
43.514	1.209
50.618	1.145
50.399	1.146
52.35	1.133
