R{"total_costs"}=? [ C<=steps ]	R{"time_per_alarm"}=? [ C<=steps ]/alarms
59.34	1.204
142.859	1.154
90.884	1.185
43.388	1.224
150.754	1.111
153.616	1.108
46.887	1.215
156.197	1.107
72.708	1.195
91.259	1.184
91.828	1.179
142.515	1.157
55.438	1.205
156.197	1.107
156.197	1.107
149.752	1.115
50.131	1.212
90.884	1.185
59.34	1.204
68.22	1.198
142.859	1.154
103.64	1.167
108.605	1.164
153.616	1.108
61.345	1.202
49.786	1.213
60.37	1.203
142.859	1.154
184.694	1.106
124.987	1.158
46.06	1.216
74.287	1.194
65.072	1.2
90.417	1.186
79.863	1.19
100.605	1.171
42.96	1.226
122.046	1.16
119.013	1.162
92.985	1.177
93.516	1.176
150.754	1.111
55.269	1.206
44.148	1.221
111.197	1.163
68.22	1.198
106.197	1.166
103.64	1.167
79.863	1.19
102.82	1.168
42.623	1.228
152.838	1.109
91.362	1.181
102.653	1.169
142.977	1.153
124.987	1.158
145.194	1.152
108.529	1.165
72.708	1.195
91.715	1.18
46.887	1.215
43.99	1.222
82.153	1.189
43.062	1.225
43.062	1.225
142.859	1.154
106.197	1.166
142.859	1.154
46.887	1.215
120.866	1.161
69.391	1.196
142.515	1.157
100.636	1.17
44.42	1.22
45.019	1.217
53.781	1.207
124.469	1.159
77.081	1.191
145.194	1.152
149.872	1.114
64.452	1.201
142.859	1.154
111.197	1.163
92.391	1.178
53.781	1.207
102.82	1.168
42.443	1.229
44.61	1.218
91.267	1.182
142.859	1.154
111.197	1.163
74.48	1.193
84.306	1.188
55.269	1.206
51.618	1.209
44.61	1.218
47.99	1.214
145.194	1.152
149.658	1.117
111.197	1.163
149.892	1.112
77.081	1.191
98.683	1.173
44.47	1.219
50.227	1.211
93.516	1.176
86.175	1.187
96.847	1.174
86.175	1.187
106.197	1.166
95.623	1.175
68.22	1.198
153.616	1.108
151.217	1.11
43.062	1.225
52.624	1.208
142.859	1.154
100.532	1.172
50.131	1.212
156.197	1.107
124.987	1.158
69.207	1.197
66.167	1.199
43.388	1.224
150.754	1.111
142.515	1.157
50.751	1.21
65.072	1.2
102.82	1.168
55.438	1.205
142.859	1.154
142.859	1.154
