decision_0_0_0_s1 decision_0_0_0_s2 decision_0_0_0_s3 decision_0_0_1_s1 decision_0_0_1_s2 decision_0_0_1_s3 decision_0_0_2_s1 decision_0_0_2_s2 decision_0_0_2_s3 decision_0_1_0_s1 decision_0_1_0_s2 decision_0_1_0_s3 decision_0_1_1_s1 decision_0_1_1_s2 decision_0_1_1_s3 decision_0_1_2_s1 decision_0_1_2_s2 decision_0_1_2_s3 decision_0_2_0_s1 decision_0_2_0_s2 decision_0_2_0_s3 decision_0_2_1_s1 decision_0_2_1_s2 decision_0_2_1_s3 decision_0_2_2_s1 decision_0_2_2_s2 decision_0_2_2_s3 decision_1_0_0_s1 decision_1_0_0_s2 decision_1_0_0_s3 decision_1_0_1_s1 decision_1_0_1_s2 decision_1_0_1_s3 decision_1_0_2_s1 decision_1_0_2_s2 decision_1_0_2_s3 decision_1_1_0_s1 decision_1_1_0_s2 decision_1_1_0_s3 decision_1_1_1_s1 decision_1_1_1_s2 decision_1_1_1_s3 decision_1_1_2_s1 decision_1_1_2_s2 decision_1_1_2_s3 decision_1_2_0_s1 decision_1_2_0_s2 decision_1_2_0_s3 decision_1_2_1_s1 decision_1_2_1_s2 decision_1_2_1_s3 decision_1_2_2_s1 decision_1_2_2_s2 decision_1_2_2_s3 decision_2_0_0_s1 decision_2_0_0_s2 decision_2_0_0_s3 decision_2_0_1_s1 decision_2_0_1_s2 decision_2_0_1_s3 decision_2_0_2_s1 decision_2_0_2_s2 decision_2_0_2_s3 decision_2_1_0_s1 decision_2_1_0_s2 decision_2_1_0_s3 decision_2_1_1_s1 decision_2_1_1_s2 decision_2_1_1_s3 decision_2_1_2_s1 decision_2_1_2_s2 decision_2_1_2_s3 decision_2_2_0_s1 decision_2_2_0_s2 decision_2_2_0_s3 decision_2_2_1_s1 decision_2_2_1_s2 decision_2_2_1_s3 decision_2_2_2_s1 decision_2_2_2_s2 decision_2_2_2_s3

	15 14 15 2 15 10 9 8 14 11 15 15 1 3 15 0 1 9 14 5 15 11 14 1 9 12 15 9 9 15 8 0 4 10 8 3 3 6 6 7 5 8 2 2 9 13 10 7 9 4 9 15 0 4 12 15 14 11 9 0 13 8 10 7 3 15 1 12 2 10 11 8 14 12 14 6 12 15 15 8 2 	
	15 12 0 1 5 2 14 4 12 14 10 1 5 1 0 13 8 6 15 14 15 11 14 6 2 9 13 8 15 0 0 1 13 11 4 11 11 13 1 1 7 1 1 0 12 0 11 3 3 8 8 15 0 4 15 4 10 14 6 12 13 9 9 6 2 1 5 11 2 7 12 10 14 12 14 6 12 15 15 8 2 	
	15 14 15 2 15 10 9 8 14 11 15 15 1 3 15 0 1 9 14 5 15 11 14 1 9 12 15 9 9 15 8 0 4 10 8 3 3 6 6 7 5 8 2 2 9 13 10 7 9 4 9 15 0 4 12 15 14 11 9 0 13 8 10 7 3 15 1 12 2 10 11 8 14 12 14 13 9 10 15 8 2 	
	15 14 1 8 15 15 6 8 14 11 15 15 1 3 15 0 1 9 10 5 15 6 4 3 13 12 15 3 15 12 2 15 15 1 13 14 8 3 15 7 7 1 1 0 12 0 10 7 9 4 9 15 0 0 15 14 11 14 15 14 13 9 5 4 2 1 5 11 2 7 12 10 14 12 14 6 12 15 15 8 2 	
	4 11 2 7 10 10 10 10 15 8 10 1 13 4 0 13 8 11 10 14 15 11 14 6 2 9 12 8 15 0 13 8 0 5 4 11 11 13 1 9 6 1 2 0 12 0 9 14 13 9 4 6 5 4 15 4 10 14 6 12 13 9 9 6 2 1 5 11 2 7 12 10 14 12 14 6 12 15 15 8 2 	
	4 11 2 7 10 10 10 10 15 8 10 1 13 4 0 13 8 11 10 14 15 11 14 6 2 9 12 8 15 0 13 8 0 5 4 11 11 13 1 9 6 1 2 0 12 0 9 14 13 9 4 6 5 4 15 4 10 14 6 12 13 9 9 6 2 1 5 11 2 7 12 10 14 12 14 6 12 15 15 8 2 	
	5 13 2 7 13 14 13 10 11 14 10 1 5 1 0 13 8 6 15 14 15 11 14 6 2 9 12 0 0 5 0 0 14 0 9 9 6 15 0 1 5 8 2 2 9 13 10 7 5 13 3 4 15 8 9 10 0 15 15 14 8 13 14 15 11 2 5 11 13 10 11 8 9 12 14 6 12 15 15 8 2 	
	15 14 1 12 5 2 14 4 13 1 2 0 9 1 0 13 8 6 15 14 0 14 10 1 9 9 13 5 8 0 0 1 13 11 4 11 11 13 0 1 5 8 2 2 9 13 10 7 5 13 3 4 15 8 9 10 0 15 15 14 8 13 14 15 11 15 1 12 2 10 11 8 14 12 14 13 12 15 15 8 2 	
	15 14 1 8 15 15 6 8 14 11 15 15 1 3 15 0 1 9 10 5 15 6 4 0 0 6 10 0 9 12 2 1 13 11 4 5 1 12 1 8 5 8 2 2 9 13 10 7 9 4 9 15 0 4 15 14 11 1 2 0 5 3 5 4 2 4 3 12 2 10 11 8 14 12 14 13 9 10 15 8 2 	
	15 14 15 2 15 10 9 8 14 11 15 15 1 3 15 0 15 4 6 14 1 0 1 0 0 6 10 0 9 12 2 1 13 0 9 9 6 15 0 1 7 1 1 0 12 0 11 3 3 8 8 15 0 4 15 4 10 14 6 12 13 9 9 6 2 1 5 11 2 7 12 10 14 12 14 6 12 15 15 8 2 	
	15 12 0 1 5 2 14 4 12 14 10 1 5 1 0 13 8 6 15 14 15 11 14 6 2 9 12 0 0 5 0 0 14 0 9 9 6 15 0 1 7 1 1 2 9 13 10 7 9 4 9 15 0 4 15 14 11 1 2 0 5 3 5 4 2 4 3 11 2 7 12 10 14 12 14 13 9 10 0 0 11 	
	5 13 4 4 12 14 11 10 11 14 10 1 5 1 0 13 8 6 15 6 6 12 6 12 11 1 13 8 15 0 0 1 13 11 4 11 11 13 1 9 6 1 6 12 5 8 7 0 6 13 9 1 3 8 9 10 0 15 15 14 13 9 9 6 2 1 5 11 2 7 12 10 14 12 14 6 12 15 15 8 2 	
	15 14 15 2 15 10 9 8 14 11 15 15 1 3 15 0 1 9 10 5 15 6 6 12 11 13 14 1 0 11 9 5 4 0 9 9 6 15 0 1 7 1 1 0 12 0 10 7 9 4 9 15 0 4 15 14 10 14 7 10 10 4 4 9 9 5 11 13 13 13 14 1 15 12 14 6 12 15 15 8 2 	
	10 14 15 7 13 14 13 10 11 14 10 1 1 7 12 6 3 11 10 14 1 5 1 3 10 13 14 1 7 1 4 1 12 7 5 11 11 13 1 9 6 1 6 12 5 0 11 3 3 8 8 15 0 4 15 4 10 14 6 12 13 9 9 6 2 1 5 11 2 7 12 10 14 12 14 6 12 15 15 8 2 	
	15 14 2 7 13 14 9 10 11 14 10 1 5 1 0 12 13 11 12 14 0 14 10 1 9 9 13 5 8 0 0 1 13 11 4 5 1 12 0 1 7 1 1 0 9 13 10 7 9 4 9 1 3 8 9 10 0 15 15 14 13 9 9 6 2 1 5 11 2 7 12 10 14 12 14 6 12 15 15 8 2 	
	11 12 2 7 13 14 13 10 11 14 10 1 5 1 0 13 8 6 15 14 15 11 14 12 11 1 13 8 15 0 0 1 13 11 4 11 11 13 1 9 6 1 6 0 12 0 9 14 9 13 9 1 15 8 9 10 0 15 15 14 13 9 9 6 10 1 3 1 11 8 15 10 14 12 14 6 12 15 15 8 2 	
	15 14 15 2 15 10 9 8 14 11 15 15 1 3 15 0 1 9 10 5 15 6 4 3 13 12 15 3 15 12 2 1 13 11 4 5 1 12 1 8 5 8 2 2 9 13 10 7 9 4 9 15 0 4 15 14 11 14 7 10 10 4 4 9 9 5 11 13 13 13 14 1 15 12 14 6 12 15 15 8 2 	
	10 14 2 7 10 10 10 10 15 8 10 1 13 4 4 12 13 11 12 14 0 14 10 1 9 9 13 5 8 0 0 1 13 11 4 11 11 13 1 9 6 1 6 12 9 15 5 12 14 2 5 1 0 0 13 4 10 14 6 12 13 9 9 6 10 1 5 11 13 10 11 8 9 14 5 1 2 14 6 11 15 	
	4 11 2 7 10 10 10 10 15 8 10 1 13 4 4 12 13 11 12 14 0 14 10 1 9 9 12 0 0 5 0 0 14 0 2 9 6 15 1 9 6 1 6 12 5 8 7 0 14 2 9 15 0 4 15 14 11 14 6 12 13 9 9 6 2 1 5 11 2 7 12 10 14 12 14 6 12 15 15 8 2 	
	15 14 15 2 15 10 9 8 14 11 15 15 1 3 15 0 1 9 10 5 15 6 4 3 13 12 15 0 8 12 2 15 15 1 13 14 8 3 15 7 9 0 15 2 5 11 13 15 9 4 9 15 0 4 15 14 11 14 15 14 13 9 9 4 13 4 3 1 4 7 12 10 14 12 14 6 12 15 15 8 11 	
	15 14 1 12 3 6 6 8 10 14 10 1 5 1 0 13 8 6 15 14 15 11 14 6 2 9 12 0 0 5 0 0 14 0 9 11 11 13 1 9 6 1 1 0 12 0 10 7 9 4 9 15 0 4 15 14 11 14 6 12 13 9 9 6 2 1 5 11 2 7 12 10 14 12 14 6 12 15 15 8 2 	
	15 14 1 5 3 6 12 5 11 1 2 0 12 2 2 12 13 11 10 14 0 14 10 1 9 9 13 5 8 0 0 1 13 11 4 11 11 13 1 9 6 1 6 12 9 0 10 7 9 4 9 15 12 6 7 10 0 14 6 12 13 9 9 6 10 1 5 11 2 7 12 10 14 12 14 6 12 15 15 8 2 	
	15 14 1 12 14 12 3 11 13 14 10 1 5 1 0 13 8 6 15 14 15 11 14 6 2 9 12 0 0 5 0 0 14 0 9 9 6 15 0 1 7 1 1 0 12 0 9 6 9 4 9 15 0 4 15 4 10 14 6 12 13 9 9 6 10 1 3 1 11 10 11 13 15 12 14 6 12 15 15 8 2 	
	5 13 2 7 13 14 13 10 11 14 10 1 5 1 0 13 8 6 15 14 15 11 14 6 2 9 12 0 0 5 0 0 14 0 9 9 6 15 0 1 7 1 1 0 12 0 11 3 3 4 9 15 0 4 15 14 11 14 6 12 13 9 9 6 2 1 5 11 2 7 12 10 14 12 14 6 12 15 15 8 2 	
	15 14 1 8 15 15 10 10 15 8 10 1 13 4 4 12 13 11 15 14 15 11 14 6 2 9 13 5 8 0 0 1 13 11 4 5 11 13 1 9 6 1 13 12 9 15 5 12 9 13 9 1 15 8 9 10 0 15 15 14 13 9 9 6 2 1 5 11 2 7 12 10 14 12 14 6 12 15 15 8 2 	
	4 11 12 11 4 12 3 8 10 14 10 1 5 1 0 13 8 6 15 14 15 11 14 6 2 9 12 0 0 5 0 0 14 0 9 11 11 15 0 1 5 8 2 2 9 13 10 7 5 13 3 4 15 8 9 10 0 15 15 14 8 13 14 15 11 2 5 11 2 10 12 10 14 12 14 6 12 15 15 8 11 	
	15 14 1 12 10 10 10 10 15 8 10 1 5 1 0 13 8 6 15 6 6 12 6 12 11 1 13 8 15 0 0 1 13 11 4 11 11 13 1 9 6 1 6 12 5 8 7 0 6 13 9 1 3 8 9 10 0 15 15 14 13 9 9 6 2 1 5 11 2 7 12 10 14 12 14 6 12 15 15 8 2 	
	10 14 15 7 13 14 13 10 11 14 10 1 13 4 0 13 8 11 10 14 15 11 14 6 2 9 12 8 15 0 13 8 0 5 4 11 11 13 1 9 6 1 2 0 12 0 9 14 13 9 4 6 5 4 15 4 10 14 6 12 13 9 9 6 10 1 5 11 2 7 12 10 14 12 14 6 12 15 15 8 2 	
	10 12 3 8 15 15 6 8 10 14 10 1 5 1 0 13 8 6 15 14 15 11 14 6 2 9 12 0 0 5 0 0 14 0 9 9 6 15 0 1 7 1 1 0 12 0 11 3 3 8 8 15 0 4 15 4 10 14 6 12 13 9 9 6 2 1 5 11 2 7 15 10 14 12 14 6 12 15 15 8 2 	
	15 14 1 12 13 7 13 10 15 8 10 1 13 4 4 12 13 11 15 14 15 11 14 6 2 9 13 5 8 0 0 1 13 11 4 5 1 12 0 1 7 1 1 0 9 13 10 7 9 4 9 4 15 8 9 10 0 15 15 14 13 9 9 6 10 1 5 11 13 10 11 8 9 12 14 6 12 15 15 8 2 	
	15 14 1 12 5 2 14 4 13 1 2 0 9 1 0 13 8 6 15 14 0 14 10 1 9 9 13 5 8 0 0 1 13 11 4 11 11 13 0 1 5 8 2 2 9 13 10 7 5 13 3 4 15 8 9 10 0 15 15 14 8 13 14 15 11 15 1 12 2 10 11 8 14 12 14 13 12 15 15 8 2 	
	15 14 1 12 13 14 15 9 13 11 15 15 1 3 15 0 1 9 10 5 15 6 4 3 13 12 15 0 8 12 2 15 15 1 13 14 8 3 15 7 7 1 6 0 12 0 9 14 13 9 4 6 0 0 15 14 11 14 15 14 13 9 5 4 2 1 3 1 4 7 12 10 14 12 14 6 12 15 15 8 11 	
	10 10 10 8 15 14 11 10 11 14 10 1 5 1 0 13 8 11 10 14 6 12 6 12 11 1 13 8 15 0 0 1 13 11 4 11 11 13 1 9 6 1 6 12 5 8 7 0 14 2 9 15 0 4 15 14 11 14 15 14 13 9 9 6 2 1 5 11 2 7 12 10 14 12 14 6 12 15 15 8 2 	
	15 14 1 8 15 15 6 8 14 11 15 15 1 3 15 0 1 9 15 14 15 11 14 6 2 9 12 0 0 5 0 0 14 0 9 11 11 13 0 1 7 1 1 0 12 0 9 14 13 8 8 15 12 6 7 10 0 14 6 12 13 9 9 6 10 1 3 1 11 1 12 10 14 12 14 6 12 15 15 8 2 	
	15 14 1 12 13 7 13 10 15 8 10 1 13 4 4 12 13 11 15 14 15 11 14 6 2 9 12 0 8 0 0 1 13 11 4 11 11 15 0 1 7 1 1 0 9 13 10 7 9 4 9 4 0 0 15 14 14 11 14 10 10 4 4 9 9 5 11 13 15 8 15 10 14 12 14 6 12 15 15 8 2 	
	10 10 10 8 15 15 6 8 10 14 10 1 5 1 0 12 13 11 15 14 15 11 14 6 2 9 12 0 0 5 0 0 14 15 15 3 6 15 0 1 7 1 1 0 12 0 11 3 3 8 8 15 0 4 15 4 10 14 6 12 13 9 9 6 2 1 5 11 2 7 12 10 14 12 14 6 12 15 15 8 11 	
	15 14 1 12 5 2 14 4 13 1 2 0 9 14 5 8 15 4 10 14 15 11 14 6 2 9 12 0 0 5 0 0 14 0 9 9 6 15 0 1 7 1 6 12 5 5 15 4 9 14 4 1 0 0 13 4 14 11 7 8 14 8 9 6 10 1 5 11 2 7 12 10 14 13 11 13 14 5 0 4 2 	
	4 14 2 7 10 10 10 10 15 8 10 1 13 4 4 12 13 11 12 14 0 14 10 1 9 9 13 5 8 0 0 1 13 11 4 11 11 13 1 9 6 1 6 12 5 5 15 4 9 4 9 15 0 4 15 14 14 11 9 0 13 8 10 7 3 15 1 12 2 10 11 8 14 12 14 13 9 10 15 8 2 	
	5 13 4 4 12 14 11 10 11 14 10 1 5 1 0 13 8 6 15 6 6 12 6 12 11 1 13 8 15 0 0 1 13 11 4 11 11 13 1 9 6 1 6 12 5 8 7 0 6 2 9 15 0 4 15 14 11 14 15 14 13 9 9 6 2 1 5 11 2 7 12 10 14 12 14 6 12 15 15 8 2 	
	15 12 0 7 13 14 13 10 11 14 10 1 5 1 0 13 8 6 15 14 15 11 14 6 2 9 12 0 0 5 0 0 14 0 9 9 6 15 0 1 7 1 1 0 12 0 11 3 3 8 8 15 0 4 15 4 10 14 6 12 13 9 9 6 2 1 5 7 9 8 5 10 14 12 14 13 9 10 15 8 2 	
	5 13 4 4 12 14 11 10 15 14 10 1 5 1 0 12 13 11 12 14 0 14 10 1 9 9 13 5 8 0 0 1 13 11 4 11 11 13 1 9 7 1 1 0 12 0 11 3 3 8 8 15 0 4 15 4 10 14 6 12 13 9 9 6 2 1 5 11 2 7 12 10 14 12 14 6 12 15 15 8 2 	
	11 12 3 8 15 15 6 8 10 14 10 1 5 1 0 13 8 6 15 14 15 11 14 6 2 9 12 0 0 5 0 0 14 0 9 11 11 13 1 9 6 1 1 0 12 0 10 7 9 4 9 15 0 4 15 14 11 14 6 12 13 9 9 6 2 1 5 11 2 7 12 10 14 12 14 6 12 15 15 8 2 	
	15 14 15 2 15 10 9 8 14 11 15 15 1 3 15 0 1 9 10 5 15 6 4 3 13 12 15 9 9 15 8 0 4 10 8 9 6 15 0 1 7 1 1 0 9 13 10 7 9 4 9 4 0 0 15 14 11 14 6 12 13 9 9 6 2 1 5 11 2 7 12 10 14 12 14 6 12 15 15 8 2 	
	4 11 2 7 10 10 10 10 15 14 10 1 5 1 0 12 13 11 12 14 0 14 10 1 9 9 13 5 8 0 0 1 13 11 4 11 11 13 1 9 6 1 6 12 9 15 11 3 3 8 8 15 0 4 15 4 10 14 6 12 13 9 9 6 2 1 5 11 2 10 11 13 15 12 14 6 12 15 15 8 2 	
	11 12 2 7 13 14 13 10 11 14 10 1 5 1 0 13 8 6 15 14 15 11 14 6 2 9 12 0 0 5 0 0 14 3 15 3 7 6 0 1 7 1 1 0 12 0 9 14 13 9 4 6 5 15 12 15 14 11 6 12 13 9 9 6 2 1 5 11 2 7 12 10 14 12 14 6 12 15 15 8 2 	
	4 11 12 11 4 12 3 8 10 14 10 1 5 1 0 13 8 6 15 14 0 14 10 1 9 9 13 5 8 0 0 1 13 11 4 11 11 13 0 1 5 1 6 12 5 8 7 0 6 13 4 6 0 0 15 14 11 14 15 14 13 9 9 6 10 1 5 11 13 7 12 10 14 12 14 6 12 15 15 8 2 	
	11 12 15 2 5 10 9 8 10 14 10 1 5 1 0 13 8 6 15 14 15 11 14 6 2 9 12 0 0 5 0 0 14 0 9 9 6 15 0 1 7 1 1 0 9 13 10 7 5 13 3 4 15 8 9 10 0 15 15 14 8 13 14 15 11 2 3 1 11 1 12 10 14 12 14 13 9 10 15 8 2 	
	11 12 15 2 5 10 9 8 10 14 10 1 5 1 0 13 8 6 15 14 15 11 14 6 2 9 12 8 8 0 0 0 14 0 9 9 6 15 0 1 7 1 1 0 12 8 7 0 14 2 9 15 0 4 15 14 11 14 15 14 13 9 9 6 10 1 5 11 13 10 11 8 9 12 14 6 12 15 15 8 2 	
	5 13 2 7 13 14 13 10 11 14 10 1 5 1 0 13 8 6 15 14 15 11 14 6 2 9 12 0 0 5 0 0 14 0 9 9 6 15 0 1 7 1 1 0 12 0 11 3 3 8 8 15 0 4 15 4 10 14 6 12 13 9 9 6 2 1 5 11 2 7 12 10 14 12 14 13 9 10 15 8 2 	
	10 14 15 2 5 7 13 10 14 11 15 15 1 3 15 0 1 9 10 5 15 6 6 12 11 13 14 1 0 11 9 5 4 0 9 9 6 15 0 1 7 1 1 0 12 0 10 7 9 4 9 15 0 4 15 14 10 14 6 12 5 3 5 4 2 11 12 13 13 6 5 10 14 12 14 6 12 15 15 8 2 	
	15 14 1 8 15 15 6 8 14 11 15 15 1 3 15 0 1 9 15 14 15 11 14 6 2 9 12 0 0 5 0 0 14 0 9 9 6 15 0 1 7 1 1 0 12 0 11 3 3 8 8 15 0 4 15 4 11 14 6 12 13 9 9 6 2 1 5 11 2 7 12 10 14 12 14 6 12 15 15 8 2 	
	15 14 1 5 3 6 12 5 11 1 2 0 12 2 2 12 13 11 10 14 0 14 10 1 9 9 13 5 8 0 0 1 13 11 4 11 3 15 0 1 7 1 1 0 12 0 10 7 9 4 9 15 0 4 15 14 10 14 6 12 5 3 5 4 2 11 12 13 13 6 5 10 14 12 14 6 12 15 15 8 2 	
	15 14 1 8 15 15 6 8 14 11 15 15 1 3 15 0 1 9 15 14 15 11 14 6 2 9 12 0 0 5 0 0 14 0 9 9 6 15 0 1 7 1 1 0 12 0 9 14 10 8 4 6 0 4 15 14 11 1 2 0 5 3 5 4 2 11 12 13 13 6 5 13 15 12 14 6 12 15 15 8 2 	
	4 11 12 11 4 12 3 8 10 14 10 1 5 1 0 12 13 11 15 14 0 14 10 6 2 9 12 0 0 5 0 0 14 0 9 9 6 15 0 1 7 1 1 0 12 0 11 3 3 8 8 15 0 4 15 4 10 14 6 12 13 9 9 6 2 1 5 11 2 7 12 10 14 12 14 6 12 15 15 8 2 	
	15 14 1 8 15 15 10 8 14 11 2 0 9 14 5 8 15 4 10 14 15 11 14 6 2 9 12 0 0 5 0 0 14 0 9 9 6 15 0 1 7 1 1 0 12 0 10 7 9 4 9 15 0 4 15 14 10 14 6 12 13 9 9 6 2 1 5 11 2 7 12 10 14 12 14 6 12 15 15 8 2 	
	10 10 10 8 15 14 11 10 11 14 10 1 5 1 0 13 8 11 10 14 15 14 10 1 9 9 13 5 8 0 0 1 13 11 4 11 11 15 0 1 7 1 1 0 12 0 11 3 3 8 8 1 3 8 9 10 0 15 15 14 13 9 9 6 10 1 5 11 13 7 12 10 14 12 14 6 12 15 15 8 2 	
	4 11 12 11 4 12 3 8 10 14 10 1 5 1 0 12 13 11 15 14 0 14 10 6 2 9 12 0 0 5 0 0 14 0 9 11 11 13 0 1 7 1 1 0 12 0 9 14 13 8 8 15 12 6 7 10 0 14 6 12 13 9 9 6 10 1 5 11 2 7 12 10 14 13 11 13 14 5 0 8 2 	
	15 14 1 8 5 7 13 10 11 14 10 1 5 1 0 13 8 6 15 14 15 11 14 6 2 9 12 0 0 5 0 0 14 0 9 9 6 15 0 1 7 1 1 0 12 0 9 14 10 8 4 6 0 4 15 14 11 1 9 0 13 8 10 7 3 15 1 12 2 10 11 8 14 12 14 13 9 10 15 8 2 	
	11 14 2 7 13 14 15 9 13 3 10 14 6 7 12 6 3 11 10 14 15 11 14 6 2 9 12 0 0 5 0 0 14 0 9 9 6 15 0 1 7 1 1 0 12 0 9 14 13 9 4 6 5 15 12 15 14 11 9 0 13 13 13 4 13 4 3 1 4 7 12 10 14 12 14 6 12 15 15 8 11 	
	10 12 3 8 15 15 6 8 10 14 10 1 5 1 0 13 8 6 15 14 15 11 14 6 2 9 12 0 0 5 0 0 14 0 9 9 6 15 0 1 5 8 2 2 9 13 10 7 5 13 3 4 15 8 9 10 0 15 15 14 8 13 14 15 11 2 5 11 13 10 11 8 9 12 14 6 12 15 15 8 2 	
	4 14 2 7 10 10 10 10 15 8 10 1 13 4 4 12 13 11 12 14 0 14 10 1 9 9 13 5 8 0 0 1 13 11 4 11 11 13 1 9 6 1 6 12 5 5 15 4 9 4 9 15 0 4 15 14 11 14 6 12 13 9 9 6 10 1 5 11 2 7 12 10 14 12 14 6 12 15 15 8 2 	
	15 14 1 12 5 2 14 4 13 1 2 0 9 14 5 8 15 4 10 14 15 11 14 6 2 9 12 0 0 5 0 0 14 0 9 9 6 15 0 1 7 1 6 12 5 5 15 4 9 14 4 1 0 0 13 4 14 11 7 8 14 8 9 6 10 1 5 11 2 7 12 10 14 13 11 13 14 5 0 0 2 	
	4 11 12 11 4 12 3 8 10 14 10 1 5 1 0 13 8 6 15 14 15 11 14 6 2 9 12 0 0 5 0 0 14 0 9 11 11 15 0 1 5 8 2 2 9 13 10 7 9 4 9 4 0 0 15 14 11 14 6 12 13 9 9 6 2 1 5 11 2 7 12 10 14 12 14 6 12 15 15 8 2 	
	15 14 15 2 15 10 9 8 14 11 15 15 1 3 15 0 1 9 10 5 15 6 4 3 13 12 15 0 8 12 2 15 15 1 13 14 8 3 15 7 9 0 15 2 5 11 13 15 9 4 9 15 0 0 15 14 11 14 6 12 13 9 9 6 2 1 5 11 2 7 12 10 14 12 14 6 12 15 15 8 2 	
	10 12 3 8 15 15 6 8 10 14 10 1 5 1 0 12 13 11 15 14 0 14 10 6 2 9 12 0 0 5 0 0 14 0 9 11 11 13 0 1 7 1 1 0 12 0 9 14 13 8 8 15 12 6 7 10 0 14 6 12 13 9 9 6 10 1 5 11 2 7 12 10 14 13 11 13 14 5 0 8 2 	
	15 10 10 8 15 15 6 8 10 14 10 1 5 1 0 13 8 6 15 14 15 11 14 6 2 9 12 0 0 5 0 0 14 0 9 9 6 15 0 1 5 8 2 2 9 13 10 7 5 13 3 4 0 4 15 14 11 14 15 14 13 9 9 6 2 1 5 11 2 7 12 10 14 12 14 6 12 15 15 8 2 	
	11 12 2 7 13 14 13 10 11 14 10 1 5 1 0 13 8 6 15 14 15 11 14 6 2 9 12 0 0 5 0 0 14 3 15 3 7 6 0 1 7 1 1 0 12 0 9 14 13 9 4 6 5 15 15 14 11 14 7 10 10 4 4 9 9 5 11 13 13 13 14 1 14 12 14 6 12 15 15 8 2 	
	10 14 15 7 13 14 13 10 11 14 10 1 5 1 0 13 8 6 15 14 15 11 14 6 2 9 12 0 0 5 0 0 14 3 15 3 7 6 0 1 7 1 1 0 12 0 9 14 13 9 4 6 5 15 15 14 11 14 7 10 10 4 4 9 9 5 11 13 13 13 14 1 14 12 14 6 12 15 15 8 2 	
	10 14 15 2 5 7 13 10 11 14 10 1 5 1 0 13 8 6 15 14 15 11 14 1 9 9 13 5 8 0 0 1 13 11 4 11 11 13 1 9 6 1 6 12 9 15 9 14 13 9 4 6 0 0 15 14 11 14 15 14 13 9 9 6 10 1 5 11 13 10 11 8 9 12 14 6 12 15 15 8 2 	
	15 12 0 1 5 2 14 4 12 14 10 1 5 1 0 13 8 6 15 14 15 11 14 6 2 9 12 0 0 5 0 0 14 0 9 9 6 15 0 1 7 1 1 2 9 13 10 7 9 4 9 15 0 4 15 14 11 1 2 0 5 3 5 4 2 4 3 11 2 7 12 10 14 12 14 13 9 10 0 0 11 	
	4 11 12 11 4 12 3 8 10 14 10 1 5 1 0 13 8 6 15 14 0 14 10 1 9 9 13 5 8 0 0 1 13 11 4 11 11 13 0 1 5 8 2 2 9 13 10 7 5 13 3 4 15 8 9 10 0 15 15 14 8 13 14 15 11 15 1 12 2 10 11 8 14 12 14 13 12 15 15 8 2 	
	15 14 15 2 15 10 9 8 14 11 15 15 1 3 15 0 15 4 6 14 1 0 1 0 0 6 10 0 9 12 2 1 13 0 9 9 6 15 0 1 7 1 2 2 9 13 10 7 9 4 9 4 0 0 15 14 11 14 6 12 13 9 9 6 2 1 5 11 2 7 12 10 14 12 14 6 12 15 15 8 2 	
	11 12 2 7 13 14 13 10 11 14 10 1 5 1 0 13 8 6 15 14 15 11 14 12 11 1 13 8 15 0 0 1 13 11 4 11 11 13 1 1 7 1 1 0 12 0 9 14 13 9 4 6 0 0 15 14 11 14 15 14 13 9 9 6 10 1 5 11 13 10 11 8 9 12 14 6 12 15 15 8 2 	
	15 14 15 2 4 7 13 10 11 14 15 15 1 3 15 0 1 9 10 5 15 6 4 3 13 12 15 3 15 12 2 15 15 1 13 14 8 3 15 7 7 1 1 0 12 0 10 7 9 4 9 15 0 4 15 14 11 14 7 10 10 4 4 9 9 5 11 13 13 13 14 1 14 12 14 6 12 15 15 8 2 	
	15 14 15 7 13 14 13 10 11 14 10 1 5 1 0 13 8 6 15 14 15 11 14 6 2 9 12 0 0 5 0 0 14 0 9 9 6 15 0 1 7 1 1 0 12 0 11 3 3 8 8 15 0 4 15 4 10 14 6 12 13 9 9 6 2 1 5 11 2 8 12 10 14 12 14 13 9 10 15 8 2 	
	15 14 15 2 15 10 9 8 14 11 2 0 9 14 5 8 15 4 10 14 15 11 14 6 2 9 12 0 0 5 0 0 14 15 15 3 6 15 0 1 7 1 1 0 12 0 11 3 3 8 8 15 0 4 15 4 10 14 6 12 13 9 9 6 2 1 5 11 2 7 12 10 14 12 14 6 12 15 15 8 2 	
	15 14 1 8 5 7 13 10 11 14 10 1 5 1 0 13 8 6 15 14 15 11 14 6 2 9 12 0 0 5 0 0 14 0 9 9 6 15 0 1 7 1 1 0 12 0 9 14 10 8 4 6 0 4 15 14 11 1 9 0 13 8 10 7 3 15 1 12 2 10 11 8 14 12 14 13 9 10 15 8 2 	
	4 11 2 7 10 10 10 10 15 14 10 1 5 1 0 13 8 6 15 14 15 11 14 6 2 9 12 8 8 0 0 0 14 0 9 9 6 15 0 1 7 1 1 0 12 0 11 3 3 8 8 15 0 4 15 4 10 14 6 12 13 9 9 6 2 1 5 11 2 8 12 10 14 12 14 13 9 10 15 8 2 	
	4 11 12 11 4 12 3 8 10 14 10 1 5 1 0 13 8 6 15 14 0 14 10 1 9 9 13 5 8 0 0 1 13 11 4 11 11 13 0 1 5 8 2 2 9 13 10 7 9 4 9 15 0 4 15 14 11 14 7 10 10 4 4 9 9 5 11 13 13 13 14 1 15 12 14 6 12 15 15 0 2 	
	4 11 12 11 4 14 11 10 11 14 10 1 5 1 0 13 8 6 15 6 6 12 6 12 11 1 13 8 15 0 0 1 13 11 4 11 11 13 1 9 6 1 2 2 9 13 10 7 5 13 3 4 15 8 9 10 0 15 15 14 13 9 9 6 1 12 0 12 15 8 15 8 14 12 14 13 9 10 15 8 2 	
	4 11 12 11 4 12 3 8 10 14 10 1 5 1 0 13 8 6 15 14 15 11 14 12 11 1 13 8 15 0 0 1 13 11 4 11 11 13 1 9 6 1 6 0 12 0 9 14 13 9 4 6 0 0 15 14 11 14 15 14 13 9 5 4 2 1 5 11 2 7 12 10 14 12 14 6 12 15 15 8 2 	
	15 12 0 7 13 14 13 10 11 14 10 1 5 1 0 13 8 6 15 14 15 11 14 6 2 9 12 0 0 5 0 0 14 0 9 9 6 15 0 1 7 1 1 0 12 0 9 14 10 8 4 6 0 4 15 14 11 14 7 10 10 4 4 9 9 5 11 13 13 13 14 1 14 12 14 6 12 15 15 8 2 	
	15 14 1 8 15 15 6 8 14 11 15 15 1 3 15 0 1 9 10 5 15 6 4 3 13 12 15 3 15 12 2 15 15 1 13 3 7 6 0 1 7 1 1 0 12 0 9 14 13 9 4 15 0 4 15 4 10 14 6 12 13 9 9 6 2 1 5 11 2 7 12 10 14 12 14 6 12 15 15 8 2 	
	4 11 12 11 4 14 11 10 11 14 10 1 5 1 0 13 8 6 15 6 6 12 6 12 11 1 13 8 15 0 0 1 13 11 4 11 11 13 1 9 6 1 2 2 9 13 10 7 5 13 3 4 15 8 9 10 0 15 15 14 13 9 9 6 1 12 0 12 15 8 15 10 14 12 14 6 12 15 15 8 2 	
	15 14 15 2 15 10 9 8 14 11 15 15 1 3 15 0 15 4 6 14 1 0 1 0 0 6 10 0 9 12 2 1 13 11 4 5 1 12 1 8 5 8 2 2 9 13 10 7 9 4 9 15 0 4 15 14 11 1 2 0 5 3 5 4 2 4 3 12 2 10 11 8 14 12 14 13 9 10 15 8 2 	
	15 14 15 2 15 10 9 8 14 11 2 0 9 14 5 8 15 4 10 14 15 11 14 6 2 9 12 0 0 5 0 0 14 15 15 3 6 15 0 1 7 1 1 0 12 0 11 3 3 8 8 15 0 4 15 4 10 14 6 12 13 9 9 6 2 1 5 11 2 7 12 10 14 12 14 6 12 15 15 8 2 	
	15 14 1 12 10 10 10 10 15 8 10 1 13 4 0 13 8 11 10 14 15 11 14 6 2 9 12 8 15 0 13 8 0 5 4 11 11 13 1 9 6 1 2 0 12 0 9 14 13 9 4 6 5 4 15 4 10 14 6 12 13 9 9 6 10 1 5 11 2 7 12 10 14 12 14 6 12 15 15 8 2 	
	4 11 2 7 10 10 10 10 15 8 10 1 13 4 4 12 13 11 12 14 0 14 10 1 9 9 12 0 0 5 0 0 14 0 2 9 6 15 1 9 6 1 6 12 5 8 7 0 14 2 9 15 0 4 15 14 11 14 6 12 13 9 9 6 2 1 5 11 2 7 12 10 14 12 14 6 12 15 15 8 2 	
	15 14 1 8 15 15 10 10 15 8 10 1 13 4 4 12 13 11 15 14 15 11 14 6 2 9 12 0 0 5 0 0 14 0 9 9 6 15 0 1 7 1 1 0 9 13 10 7 9 4 9 4 0 0 15 14 11 14 6 12 13 9 9 6 2 1 5 11 2 7 12 10 14 12 14 6 12 15 15 8 2 	
	11 12 3 8 15 15 6 8 10 14 10 1 5 1 0 13 8 6 15 14 15 11 14 12 11 1 13 8 15 0 0 1 13 11 4 11 11 13 1 9 6 1 6 0 12 0 9 14 13 9 4 6 0 0 15 14 11 14 15 14 13 9 5 4 2 1 5 11 2 7 12 10 14 12 14 6 12 15 15 8 2 	
	11 12 2 7 13 14 13 10 11 14 10 1 5 1 0 13 8 6 15 14 15 11 14 12 11 1 13 8 15 0 0 1 13 11 4 11 11 13 1 1 7 1 1 0 12 0 9 14 13 9 4 6 0 0 15 14 11 14 15 14 13 9 9 6 10 1 5 11 13 7 12 10 14 12 14 6 12 15 15 8 2 	
	15 14 2 7 13 14 13 10 11 14 10 1 5 1 0 13 8 6 15 14 15 11 14 6 2 9 12 0 0 5 0 0 14 0 9 9 6 15 0 1 7 1 1 0 12 0 11 3 3 8 8 15 0 4 15 4 10 14 6 12 13 9 9 6 2 1 5 11 2 7 12 10 14 12 14 6 12 15 15 8 2 	
	15 14 15 7 13 14 13 10 11 14 10 1 5 1 0 13 8 6 15 14 15 11 14 6 2 9 12 0 0 5 0 0 14 0 9 9 6 15 0 1 7 1 1 0 12 0 11 3 3 8 8 15 0 4 15 4 10 14 6 12 13 9 9 6 2 1 5 11 2 8 12 10 14 12 14 13 9 10 15 8 2 	
	10 10 10 8 15 14 11 10 11 14 10 1 5 1 0 13 8 11 10 14 15 14 10 1 9 9 13 5 8 0 0 1 13 11 4 11 11 15 0 1 7 1 1 0 12 0 11 3 3 8 8 15 0 4 15 4 10 14 6 12 13 9 9 6 2 1 5 11 2 7 12 10 14 12 14 6 12 15 15 8 2 	
	10 14 15 7 13 14 13 10 11 14 10 1 5 1 0 13 8 6 15 14 15 11 14 6 2 9 12 0 0 5 0 0 14 0 9 9 6 15 0 1 7 1 1 0 12 0 11 3 3 8 8 15 0 4 15 4 10 14 6 12 13 9 9 6 2 1 5 11 2 7 12 10 14 12 14 6 12 15 15 8 2 	
	15 14 1 12 10 10 10 10 15 8 10 1 13 4 0 13 8 11 10 14 15 11 14 6 2 9 12 8 15 0 13 8 0 5 4 11 11 13 1 9 6 1 2 0 12 0 9 14 13 9 4 6 5 4 15 4 10 14 6 12 13 9 9 6 10 1 5 11 2 7 12 10 14 12 14 6 12 15 15 8 2 	
	15 14 1 12 3 6 12 5 11 1 2 0 12 2 2 12 13 11 10 14 0 14 10 1 9 9 13 8 15 0 1 0 11 3 8 9 11 13 1 9 6 1 6 12 5 8 7 0 14 2 9 15 0 4 15 14 11 14 15 14 13 9 9 6 2 1 5 11 2 7 12 10 14 12 14 6 12 15 15 8 2 	
	4 11 12 11 4 12 3 8 10 14 10 1 5 1 0 12 13 11 15 14 0 14 10 6 2 9 12 0 0 5 0 0 14 0 9 9 6 15 0 1 7 1 1 0 12 0 11 3 3 8 8 15 0 4 15 4 10 14 6 12 13 9 9 6 2 1 5 11 2 7 12 10 14 12 14 6 12 15 15 8 2 	
	4 11 12 11 4 12 3 8 10 14 10 1 5 1 0 13 8 6 15 14 15 11 14 6 2 9 12 0 0 5 0 0 14 0 9 11 11 15 0 1 5 8 2 2 9 13 10 7 9 4 9 4 0 0 15 14 11 14 6 12 13 9 9 6 2 1 5 11 2 7 12 10 14 12 14 6 12 15 15 8 2 	
	4 11 12 11 4 7 13 10 11 14 10 1 5 1 0 13 8 6 15 14 15 11 14 1 0 9 13 5 8 1 1 0 11 3 8 11 11 13 1 9 6 1 6 12 9 15 5 12 9 4 9 15 0 4 15 14 14 11 9 0 13 8 10 7 3 15 1 12 2 10 11 8 14 12 14 6 12 15 15 8 2 	
	15 14 15 2 15 10 9 8 14 11 15 15 1 3 15 0 1 9 10 5 15 6 6 12 11 13 14 1 0 11 9 5 4 0 9 9 6 15 0 1 7 1 1 0 12 0 10 7 9 4 9 15 0 4 15 14 10 14 6 12 13 9 9 6 2 1 5 11 2 7 12 10 14 12 14 6 12 15 15 8 2 	
	15 14 2 7 13 14 15 9 13 3 10 14 6 7 12 6 3 11 10 14 15 11 14 6 2 9 12 0 0 5 0 0 14 0 9 9 6 15 0 1 7 1 1 0 12 0 11 14 3 9 4 6 5 15 12 15 14 11 9 0 13 9 9 6 10 1 3 1 11 1 12 10 14 12 14 6 12 15 15 8 2 	
	4 11 2 7 10 10 10 10 15 14 10 1 5 1 0 13 8 6 15 14 15 11 14 6 2 9 12 8 8 0 0 0 14 0 9 9 6 15 0 1 7 1 1 0 12 0 11 3 3 8 8 15 0 4 15 4 10 14 6 12 13 9 9 6 2 1 5 11 2 8 12 10 14 12 14 13 9 10 15 8 2 	
	10 14 15 7 13 14 13 10 11 14 10 1 5 1 0 13 8 6 15 14 15 11 14 6 2 9 12 0 0 5 0 0 14 0 9 9 6 15 0 1 7 1 1 0 12 0 11 3 3 8 8 15 0 4 15 4 10 14 6 12 13 9 9 6 2 1 5 11 2 7 12 10 14 12 14 6 12 15 15 8 2 	
	10 10 10 8 15 14 11 10 11 14 10 1 5 1 0 13 8 11 10 14 15 14 10 1 9 9 13 5 8 0 0 1 13 11 4 11 11 15 0 1 7 1 1 0 12 0 11 3 3 8 8 15 0 4 15 15 14 11 9 0 13 8 10 7 3 15 1 12 2 10 11 8 14 12 14 13 9 10 15 8 2 	
	15 14 15 2 15 10 9 8 14 11 2 0 9 14 5 8 15 4 10 14 15 11 14 6 2 9 12 0 0 5 0 0 14 0 9 9 6 15 0 1 7 1 1 0 12 0 10 7 9 4 9 15 0 4 15 14 10 14 6 12 13 9 9 6 2 1 5 11 2 7 12 10 14 12 14 6 12 15 15 8 2 	
	15 14 1 12 3 6 12 5 11 1 2 0 12 2 2 12 13 11 10 14 0 14 10 1 9 9 13 8 15 0 1 0 11 3 8 9 11 13 1 9 6 1 6 12 5 8 7 0 14 2 9 15 0 4 15 14 11 14 15 14 13 9 9 6 2 1 5 11 2 7 12 10 14 12 14 6 12 15 15 8 2 	
	11 12 3 8 15 15 6 8 10 14 10 1 5 1 0 13 8 6 15 14 15 11 14 12 11 1 13 8 15 0 0 1 13 11 4 11 11 13 1 9 6 1 6 0 12 0 9 14 13 9 4 6 0 0 15 14 11 14 15 14 13 9 5 4 2 1 5 11 2 7 12 10 14 12 14 6 12 15 15 8 2 	
	15 14 1 8 15 15 10 10 15 8 10 1 13 4 4 12 13 11 15 14 15 11 14 6 2 9 12 0 0 5 0 0 14 0 9 9 6 15 0 1 7 1 1 0 9 13 10 7 9 4 9 4 0 0 15 14 11 14 6 12 13 9 9 6 2 1 5 11 2 7 12 10 14 12 14 6 12 15 15 8 2 	
	15 14 2 7 13 14 13 10 11 14 10 1 5 1 0 13 8 6 15 14 15 11 14 6 2 9 12 0 0 5 0 0 14 0 9 9 6 15 0 1 7 1 1 0 12 0 11 3 3 8 8 15 0 4 15 4 10 14 6 12 13 9 9 6 2 1 5 11 2 7 12 10 14 12 14 6 12 15 15 8 2 	
	15 14 2 7 13 14 13 10 11 14 10 1 6 7 12 6 3 11 10 14 15 11 14 6 2 9 12 0 0 5 0 0 14 0 9 9 6 15 0 1 7 1 1 0 12 0 9 14 13 9 4 6 0 0 15 14 11 14 15 14 13 9 9 6 10 1 5 11 13 7 11 8 14 12 14 13 9 10 15 8 2 	
	10 10 10 8 15 15 6 8 10 14 10 1 5 1 0 13 8 6 15 14 15 11 14 6 2 9 12 0 0 5 0 0 14 0 9 9 6 15 0 1 5 8 2 2 9 13 10 7 5 13 3 4 0 4 15 14 11 14 15 14 13 9 9 6 2 1 5 11 2 7 12 10 14 12 14 6 12 15 15 8 2 	
	10 10 10 8 15 14 11 10 11 14 10 1 5 1 0 13 8 11 10 14 15 14 10 1 9 9 13 5 8 0 0 1 13 11 4 11 11 15 0 1 7 1 1 0 12 0 11 3 3 8 8 15 0 4 15 4 10 14 6 12 13 9 9 6 2 1 5 11 2 7 12 10 14 12 14 6 12 15 15 8 2 	
	10 10 10 8 15 14 11 10 11 14 10 1 5 1 0 13 8 11 10 14 15 14 10 1 9 9 13 5 8 0 0 1 13 11 4 11 11 15 0 1 7 1 1 0 12 0 11 3 3 8 8 15 0 4 15 15 14 11 9 0 13 8 10 7 3 15 1 12 2 10 11 8 14 12 14 13 12 15 15 8 2 	
	10 12 3 8 15 15 6 8 10 14 10 1 5 1 0 13 8 6 15 14 15 11 14 6 2 9 12 0 0 5 0 0 14 0 9 9 6 15 0 1 5 8 2 2 9 13 10 7 5 13 3 4 15 8 9 10 0 15 15 14 8 13 14 15 11 2 5 11 13 10 11 8 14 12 14 13 12 15 15 8 2 	
	5 13 2 7 13 14 13 10 11 14 10 1 5 1 0 13 8 6 15 14 15 11 14 6 2 9 12 0 0 5 0 0 14 0 9 9 6 15 0 1 7 1 1 0 12 0 11 3 3 8 8 15 0 4 15 4 10 14 6 12 13 9 9 6 2 1 5 11 2 7 12 10 14 12 14 13 9 10 15 8 2 	
	4 11 12 11 4 7 13 10 11 14 10 1 5 1 0 13 8 6 15 14 15 11 14 1 0 9 13 5 8 1 1 0 11 3 8 11 11 13 1 9 6 1 6 12 9 15 5 12 9 4 9 15 0 4 15 14 14 11 9 0 13 8 10 7 3 15 1 12 2 10 11 8 14 12 14 6 12 15 15 8 2 	
	15 14 2 7 13 14 13 10 11 14 10 1 6 7 12 6 3 11 10 14 15 11 14 6 2 9 12 0 0 5 0 0 14 0 9 9 6 15 0 1 7 1 1 0 12 0 9 14 13 9 4 6 5 15 12 15 14 11 9 8 13 9 6 6 8 13 7 7 9 8 5 10 14 12 14 13 9 10 15 8 2 	
	15 14 15 2 15 10 9 8 14 11 2 0 9 14 5 8 15 4 10 14 15 11 14 6 2 9 12 0 0 5 0 0 14 0 9 9 6 15 0 1 7 1 1 0 12 0 10 7 9 4 9 15 0 4 15 14 10 14 6 12 13 9 9 6 2 1 5 11 2 7 12 10 14 12 14 6 12 15 15 8 2 	
	15 14 15 2 15 10 9 8 14 11 15 15 1 3 15 0 15 4 6 14 1 0 1 0 0 6 10 0 9 12 2 1 13 11 4 5 1 12 1 8 5 8 2 2 9 13 10 7 9 4 9 15 0 4 15 14 11 1 2 0 5 3 5 4 2 4 3 12 2 10 11 8 14 12 14 13 9 10 15 8 2 	
	15 14 1 8 15 15 6 8 14 11 15 15 1 3 15 0 1 9 10 5 15 6 4 3 13 12 15 3 15 12 2 15 15 1 13 3 7 6 0 1 7 1 1 0 12 0 9 14 13 9 4 6 5 15 12 15 14 11 14 10 10 4 4 9 9 5 11 13 13 13 14 1 15 12 14 6 12 15 15 0 2 	
	15 14 2 7 13 14 15 9 13 3 10 14 6 7 12 6 3 11 10 14 15 11 14 6 2 9 12 0 0 5 0 0 14 0 9 9 6 15 0 1 7 1 1 0 12 0 11 14 3 9 4 6 5 15 12 15 14 11 9 0 13 9 9 6 10 1 3 1 11 1 12 10 14 12 14 6 12 15 15 8 2 	
	15 14 15 2 15 10 9 8 14 11 15 15 1 3 15 0 1 9 10 5 15 6 4 3 13 12 15 9 9 15 8 0 4 10 8 3 3 15 0 1 7 1 2 2 9 13 10 7 9 4 9 15 0 4 12 15 14 11 9 0 13 8 10 7 3 15 1 12 2 10 11 8 14 12 14 6 12 15 15 8 2 	
	15 14 15 2 15 10 9 8 14 11 15 15 1 3 15 0 1 9 14 5 15 11 14 1 9 12 15 9 9 15 8 0 4 10 8 3 3 6 6 7 5 8 1 0 12 0 9 14 13 9 4 6 5 15 12 15 14 11 7 8 14 8 10 7 3 15 1 12 2 10 11 8 14 12 14 6 12 15 15 8 2 	
	11 12 15 2 5 10 9 8 10 14 10 1 5 1 0 13 8 6 15 14 15 11 14 6 2 9 12 0 0 5 0 0 14 0 9 9 6 15 0 1 7 1 1 0 9 13 10 7 5 13 3 4 15 8 9 10 0 15 15 14 8 13 14 15 11 2 3 1 11 1 12 10 14 12 14 13 9 10 15 8 2 	
	15 12 0 7 13 14 13 10 11 14 10 1 5 1 0 13 8 6 15 14 15 11 14 6 2 9 12 0 0 5 0 0 14 0 9 9 6 15 0 1 7 1 1 0 12 0 9 14 10 8 4 6 0 4 15 14 11 14 7 10 10 4 4 9 9 5 11 13 13 13 14 1 14 12 14 6 12 15 15 8 2 	
	15 14 15 2 15 10 9 8 14 11 15 15 1 3 15 0 1 9 10 5 15 6 4 3 13 12 15 9 9 15 8 0 4 10 8 3 3 15 0 1 7 1 1 0 12 0 10 7 9 4 9 15 0 4 15 14 10 14 6 12 5 3 5 4 2 11 12 13 13 6 5 10 14 12 14 6 12 15 15 8 2 	
	10 10 10 8 15 15 6 8 10 14 10 1 5 1 0 13 8 6 15 14 15 11 14 6 2 9 12 0 0 5 0 0 14 0 9 9 6 15 0 1 5 8 2 2 9 13 10 7 5 13 3 4 0 4 15 14 11 14 15 14 13 9 9 6 2 1 5 11 2 7 12 10 14 12 14 6 12 15 15 8 2 	
	15 14 1 8 15 15 6 8 14 11 15 15 1 3 15 0 1 9 15 14 15 11 14 6 2 9 12 0 0 5 0 0 14 0 9 9 6 15 0 1 7 1 1 0 12 0 9 14 10 8 4 6 0 4 15 14 11 1 2 0 5 3 5 4 2 11 12 13 13 6 5 13 15 12 14 6 12 15 15 8 2 	
	4 11 12 11 4 12 3 8 10 14 10 1 5 1 0 13 8 6 15 14 15 11 14 12 11 1 13 8 15 0 0 1 13 11 4 11 11 13 1 9 6 1 6 0 12 0 9 14 13 9 4 6 0 0 15 14 11 14 15 14 13 9 5 4 2 1 5 11 2 7 12 10 14 12 14 6 12 15 15 8 2 	
	4 11 12 11 4 12 3 8 10 14 10 1 5 1 0 13 8 6 15 14 0 14 10 1 9 9 13 5 8 0 0 1 13 11 4 11 11 13 0 1 5 8 2 2 9 13 10 7 5 13 3 4 15 8 9 10 0 15 15 14 8 13 14 15 11 15 1 12 2 10 11 8 14 12 14 13 12 15 15 8 2 	
	15 14 1 8 15 15 6 8 14 11 15 15 1 3 15 0 1 9 10 5 15 6 4 3 13 12 15 3 15 12 2 15 15 1 13 3 7 6 0 1 7 1 1 0 12 0 9 14 13 9 4 6 5 15 12 15 14 11 14 10 10 4 4 9 9 5 11 13 13 13 14 1 15 12 14 6 12 15 15 0 2 	
	15 14 15 2 4 7 13 10 11 14 15 15 1 3 15 0 1 9 10 5 15 6 4 3 13 12 15 3 15 12 2 15 15 1 13 14 8 3 15 7 7 1 1 0 12 0 10 7 9 4 9 15 0 4 15 14 11 14 7 10 10 4 4 9 9 5 11 13 13 13 14 1 14 12 14 6 12 15 15 8 2 	
	15 14 2 7 13 14 13 10 11 14 10 1 6 7 12 6 3 11 10 14 15 11 14 6 2 9 12 0 0 5 0 0 14 0 9 9 6 15 0 1 7 1 1 0 12 0 9 14 13 9 4 6 0 0 15 14 11 14 15 14 13 9 9 6 10 1 5 11 13 7 12 10 14 12 14 6 12 15 15 8 2 	
	15 14 2 7 13 14 13 10 11 14 10 1 6 7 12 6 3 11 10 14 15 11 14 6 2 9 12 0 0 5 0 0 14 0 9 9 6 15 0 1 7 1 1 0 12 0 9 14 13 9 4 6 5 15 12 15 14 11 9 8 13 9 6 6 8 13 7 7 9 8 5 10 14 12 14 13 9 10 15 8 2 	
	15 14 15 2 15 10 9 8 14 11 15 15 1 3 15 0 1 9 10 5 15 6 4 3 13 12 15 3 15 12 2 15 15 1 13 14 8 3 15 7 7 1 1 0 12 0 10 7 5 13 3 4 0 4 15 14 11 14 15 14 13 9 9 6 2 1 5 11 2 7 12 10 14 12 14 6 12 15 15 8 2 	
	15 14 15 2 15 10 9 8 14 11 15 15 1 3 15 0 1 9 10 5 15 6 4 3 13 12 15 3 15 12 2 15 15 1 13 14 8 3 15 7 7 1 1 0 12 0 10 7 5 13 3 4 0 4 15 14 11 14 15 14 13 9 9 6 2 1 5 11 2 7 12 10 14 12 14 6 12 15 15 8 2 	
	15 14 15 2 15 10 9 8 14 11 15 15 1 3 15 0 1 9 10 5 15 6 6 12 11 13 14 1 0 11 9 5 4 0 9 9 6 15 0 1 7 1 1 0 12 0 10 7 9 4 9 15 0 4 15 14 10 14 6 12 13 9 9 6 2 1 5 11 2 7 12 10 14 12 14 6 12 15 15 8 2 	
	15 14 15 2 15 10 9 8 14 11 15 15 1 3 15 0 1 9 10 5 15 6 4 3 13 12 15 9 9 15 8 0 4 10 8 3 3 15 0 1 7 1 1 0 12 0 10 7 9 4 9 15 0 4 15 14 10 14 6 12 5 3 5 4 2 11 12 13 13 6 5 10 14 12 14 6 12 15 15 8 2 	
	15 14 15 2 15 10 9 8 14 11 15 15 1 3 15 0 1 9 10 5 15 6 4 3 13 12 15 9 9 15 8 0 4 10 8 3 3 15 0 1 7 1 2 2 9 13 10 7 9 4 9 15 0 4 12 15 14 11 9 0 13 8 10 7 3 15 1 12 2 10 11 8 14 12 14 6 12 15 15 8 2 	
	15 14 15 2 15 10 9 8 14 11 15 15 1 3 15 0 1 9 14 5 15 11 14 1 9 12 15 9 9 15 8 0 4 10 8 3 3 6 6 7 5 8 1 0 12 0 9 14 13 9 4 6 5 15 12 15 14 11 7 8 14 8 10 7 3 15 1 12 2 10 11 8 14 12 14 6 12 15 15 8 2 	
	15 14 15 2 15 10 9 8 14 11 15 15 1 3 15 0 1 9 14 5 15 11 14 1 9 12 15 9 9 15 8 0 4 10 8 3 3 6 6 7 5 8 2 2 9 13 10 7 9 4 9 15 0 4 12 15 14 11 9 0 13 8 10 7 3 15 1 12 2 10 11 8 14 12 14 6 12 15 15 8 2 	
	4 11 2 7 10 10 10 10 15 8 10 1 13 4 0 13 8 11 10 14 15 11 14 6 2 9 12 8 15 0 13 8 0 5 4 11 11 13 1 9 6 1 2 0 12 0 9 14 13 9 4 6 5 4 15 4 10 14 6 12 13 9 9 6 2 1 5 11 2 7 12 10 14 12 14 6 12 15 15 8 2 	
	4 11 12 11 4 14 11 10 11 14 10 1 5 1 0 13 8 6 15 6 6 12 6 12 11 1 13 8 15 0 0 1 13 11 4 11 11 13 1 9 6 1 2 2 9 13 10 7 5 13 3 4 15 8 9 10 0 15 15 14 13 9 9 6 1 12 0 12 15 8 15 8 14 12 14 13 9 10 15 8 2 	
	15 14 15 2 15 10 9 8 14 11 2 0 9 14 5 8 15 4 10 14 15 11 14 6 2 9 12 0 0 5 0 0 14 15 15 3 6 15 0 1 7 1 1 0 12 0 11 3 3 8 8 15 0 4 15 4 10 14 6 12 13 9 9 6 2 1 5 11 2 7 12 10 14 12 14 6 12 15 15 8 2 	
	11 12 2 7 13 14 13 10 11 14 10 1 5 1 0 13 8 6 15 14 15 11 14 12 11 1 13 8 15 0 0 1 13 11 4 11 11 13 1 1 7 1 1 0 12 0 9 14 13 9 4 6 0 0 15 14 11 14 15 14 13 9 9 6 10 1 5 11 13 7 12 10 14 12 14 6 12 15 15 8 2 	
	15 14 15 7 13 14 13 10 11 14 10 1 5 1 0 13 8 6 15 14 15 11 14 6 2 9 12 0 0 5 0 0 14 0 9 9 6 15 0 1 7 1 1 0 12 0 11 3 3 8 8 15 0 4 15 4 10 14 6 12 13 9 9 6 2 1 5 11 2 8 12 10 14 12 14 13 9 10 15 8 2 	
	15 14 1 12 10 10 10 10 15 8 10 1 13 4 0 13 8 11 10 14 15 11 14 6 2 9 12 8 15 0 13 8 0 5 4 11 11 13 1 9 6 1 2 0 12 0 9 14 13 9 4 6 5 4 15 4 10 14 6 12 13 9 9 6 10 1 5 11 2 7 12 10 14 12 14 13 9 10 15 8 2 	
	4 11 12 11 4 12 3 8 10 14 10 1 5 1 0 13 8 6 15 14 15 11 14 6 2 9 12 0 0 5 0 0 14 0 9 11 11 15 0 1 5 8 2 2 9 13 10 7 9 4 9 4 0 0 15 14 11 14 6 12 13 9 9 6 2 1 5 11 2 7 12 10 14 12 14 6 12 15 15 8 2 	
	15 14 1 12 3 6 12 5 11 1 2 0 12 2 2 12 13 11 10 14 0 14 10 1 9 9 13 8 15 0 1 0 11 3 8 9 11 13 1 9 6 1 6 12 5 8 7 0 14 2 9 15 0 4 15 14 11 14 15 14 13 9 9 6 2 1 5 11 2 7 12 10 14 12 14 6 12 15 15 8 2 	
	4 11 2 7 10 10 10 10 15 14 10 1 5 1 0 13 8 6 15 14 15 11 14 6 2 9 12 8 8 0 0 0 14 0 9 9 6 15 0 1 7 1 1 0 12 0 11 3 3 8 8 15 0 4 15 4 10 14 6 12 13 9 9 6 2 1 5 11 2 8 12 10 14 12 14 13 9 10 15 8 2 	
	10 14 15 7 13 14 13 10 11 14 10 1 5 1 0 13 8 6 15 14 15 11 14 6 2 9 12 0 0 5 0 0 14 0 9 9 6 15 0 1 7 1 1 0 12 0 11 3 3 8 8 15 0 4 15 4 10 14 6 12 13 9 9 6 2 1 5 11 2 7 12 10 14 12 14 6 12 15 15 8 2 	
	15 14 2 7 13 14 13 10 11 14 10 1 5 1 0 13 8 6 15 14 15 11 14 6 2 9 12 0 0 5 0 0 14 0 9 9 6 15 0 1 7 1 1 0 12 0 11 3 3 8 8 15 0 4 15 4 10 14 6 12 13 9 9 6 2 1 5 11 2 8 12 10 14 12 14 13 9 10 15 8 2 	
	10 10 10 8 15 14 11 10 11 14 10 1 5 1 0 13 8 11 10 14 15 14 10 1 9 9 13 5 8 0 0 1 13 11 4 11 11 15 0 1 7 1 1 0 12 0 11 3 3 8 8 15 0 4 15 4 10 14 6 12 13 9 9 6 2 1 5 11 2 7 12 10 14 12 14 13 2 14 6 8 11 	
	5 13 2 7 13 14 13 10 11 14 10 1 5 1 0 13 8 6 15 14 15 11 14 6 2 9 12 0 0 5 0 0 14 0 9 9 6 15 0 1 7 1 1 0 12 0 11 3 3 8 8 15 0 4 15 4 10 14 6 12 13 9 9 6 2 1 5 11 2 7 15 10 14 12 14 6 12 15 15 8 2 	
	4 11 12 11 4 7 13 10 11 14 10 1 5 1 0 13 8 6 15 14 15 11 14 1 0 9 13 5 8 1 1 0 11 3 8 11 11 13 1 9 6 1 6 12 9 15 5 12 9 4 9 15 0 4 15 14 14 11 9 0 13 8 10 7 3 15 1 12 2 10 11 8 14 12 14 6 12 15 15 8 2 	
	11 12 15 2 5 10 9 8 10 14 10 1 5 1 0 13 8 6 15 14 15 11 14 6 2 9 12 0 0 5 0 0 14 0 9 9 6 15 0 1 7 1 1 0 9 13 10 7 5 13 3 4 15 8 9 10 0 15 15 14 8 13 14 15 11 2 3 1 11 1 12 10 14 12 14 13 9 10 15 8 2 	
	11 12 3 8 15 15 6 8 10 14 10 1 5 1 0 13 8 6 15 14 15 11 14 12 11 1 13 8 15 0 0 1 13 11 4 11 11 13 1 9 6 1 6 0 12 0 9 14 13 9 4 6 0 0 15 14 11 14 15 14 13 9 5 4 2 1 5 11 2 7 12 10 14 12 14 6 12 15 15 8 2 	
	15 14 2 7 13 14 15 9 13 3 10 14 6 7 12 6 3 11 10 14 15 11 14 6 2 9 12 0 0 5 0 0 14 0 9 9 6 15 0 1 7 1 1 0 12 0 11 3 3 9 4 6 5 15 12 15 14 11 9 0 13 9 9 6 10 1 3 1 11 1 12 10 14 12 14 6 12 15 15 8 2 	
	4 11 12 11 4 12 3 8 10 14 10 1 5 1 0 13 8 6 15 14 0 14 10 1 9 9 13 5 8 0 0 1 13 11 4 11 11 13 0 1 5 8 2 2 9 13 10 7 5 13 3 4 15 8 9 10 0 15 15 14 8 13 14 15 11 15 1 12 2 10 11 8 14 12 14 13 12 15 15 8 2 	
	15 14 15 2 4 7 13 10 11 14 15 15 1 3 15 0 1 9 10 5 15 6 4 3 13 12 15 3 15 12 2 15 15 1 13 14 8 3 15 7 7 1 1 0 12 0 10 7 9 4 9 15 0 4 15 14 11 14 7 10 10 4 4 9 9 5 11 13 13 13 14 1 15 12 14 6 12 15 15 8 2 	
	15 14 2 7 13 14 13 10 11 14 10 1 6 7 12 6 3 11 10 14 15 11 14 6 2 9 12 0 0 5 0 0 14 0 9 9 6 15 0 1 7 1 1 0 12 0 9 14 13 9 4 6 5 15 12 15 14 11 9 8 13 9 6 6 8 13 7 7 9 8 12 10 14 12 14 6 12 15 15 8 2 	
	15 14 1 8 15 15 10 10 15 8 10 1 13 4 4 12 13 11 15 14 15 11 14 6 2 9 12 0 0 5 0 0 14 0 9 9 6 15 0 1 7 1 1 0 9 13 10 7 9 4 9 4 0 0 15 14 11 14 6 12 13 9 9 6 2 1 5 11 2 7 12 10 14 12 14 6 12 15 15 8 2 	
	15 14 15 2 15 10 9 8 14 11 15 15 1 3 15 0 1 9 10 5 15 6 6 12 11 13 14 1 0 11 9 5 4 0 9 9 6 15 0 1 7 1 1 0 12 0 10 7 9 4 9 15 0 4 15 14 10 14 6 12 13 9 9 6 2 1 5 11 2 7 12 10 14 12 14 6 12 15 15 8 2 	
	15 14 15 2 15 10 9 8 14 11 15 15 1 3 15 0 1 9 14 5 15 11 14 1 9 12 15 9 9 15 8 0 4 10 8 3 3 6 6 7 5 8 2 2 9 13 10 7 9 4 9 15 0 4 12 15 14 11 9 0 13 8 10 7 3 15 1 12 2 10 11 8 14 12 14 6 12 15 15 8 2 	
	15 14 1 12 10 10 10 10 15 8 10 1 13 4 0 13 8 11 10 14 15 11 14 6 2 9 12 8 15 0 13 8 0 5 4 11 11 13 1 9 6 1 2 0 12 0 9 14 13 9 4 6 5 4 15 4 10 14 6 12 13 9 9 6 10 1 5 11 2 7 12 10 14 12 14 6 12 15 15 8 2 	
	15 14 1 12 3 6 12 5 11 1 2 0 12 2 2 12 13 11 10 14 0 14 10 1 9 9 13 8 15 0 1 0 11 3 8 9 11 13 1 9 6 1 6 12 5 8 7 0 14 2 9 15 0 4 15 14 11 14 15 14 13 9 9 6 2 1 5 11 2 7 12 10 14 12 14 6 12 15 15 8 2 	
	15 14 2 7 13 14 13 10 11 14 10 1 5 1 0 13 8 6 15 14 15 11 14 6 2 9 12 0 0 5 0 0 14 0 9 9 6 15 0 1 7 1 1 0 12 0 11 3 3 8 8 15 0 4 15 4 10 14 6 12 13 9 9 6 2 1 5 11 2 7 12 10 14 12 14 6 12 15 15 8 2 	
	10 10 10 8 15 14 11 10 11 14 10 1 5 1 0 13 8 11 10 14 15 14 10 1 9 9 13 5 8 0 0 1 13 11 4 11 11 15 0 1 7 1 1 0 12 0 11 3 3 8 8 15 0 4 15 4 10 14 6 12 13 9 9 6 2 1 5 11 2 7 12 10 14 12 14 6 12 15 15 8 2 	
	5 13 2 7 13 14 13 10 11 14 10 1 5 1 0 13 8 6 15 14 15 11 14 6 2 9 12 0 0 5 0 0 14 0 9 9 6 15 0 1 7 1 1 0 12 0 11 3 3 8 8 15 0 4 15 4 10 14 6 12 13 9 9 6 2 1 5 11 2 7 15 10 14 12 14 6 12 15 15 8 2 	
	11 12 15 2 5 10 9 8 10 14 10 1 5 1 0 13 8 6 15 14 15 11 14 6 2 9 12 0 0 5 0 0 14 0 9 9 6 15 0 1 7 1 1 0 9 13 10 7 5 13 3 4 15 8 9 10 0 15 15 14 8 13 14 15 11 2 3 1 11 1 12 10 14 12 14 13 9 10 15 8 2 	
	11 12 3 8 15 15 6 8 10 14 10 1 5 1 0 13 8 6 15 14 15 11 14 12 11 1 13 8 15 0 0 1 13 11 4 11 11 13 1 9 6 1 6 0 12 0 9 14 13 9 4 6 0 0 15 14 11 14 15 14 13 9 5 4 2 1 5 11 2 7 12 10 14 12 14 6 12 15 15 8 2 	
	15 14 2 7 13 14 15 9 13 3 10 14 6 7 12 6 3 11 10 14 15 11 14 6 2 9 12 0 0 5 0 0 14 0 9 9 6 15 0 1 7 1 1 0 12 0 11 3 3 9 4 6 5 15 12 15 14 11 9 0 13 9 9 6 10 1 3 1 11 1 12 10 14 12 14 6 12 15 15 8 2 	
	4 11 12 11 4 12 3 8 10 14 10 1 5 1 0 13 8 6 15 14 0 14 10 1 9 9 13 5 8 0 0 1 13 11 4 11 11 13 0 1 5 8 2 2 9 13 10 7 5 13 3 4 15 8 9 10 0 15 15 14 8 13 14 15 11 15 1 12 2 10 11 8 14 12 14 13 12 15 15 8 2 	
	15 14 15 2 4 7 13 10 11 14 15 15 1 3 15 0 1 9 10 5 15 6 4 3 13 12 15 3 15 12 2 15 15 1 13 14 8 3 15 7 7 1 1 0 12 0 10 7 9 4 9 15 0 4 15 14 11 14 7 10 10 4 4 9 9 5 11 13 13 13 14 1 15 12 14 6 12 15 15 0 2 	
	15 14 1 8 15 15 10 10 15 8 10 1 13 4 4 12 13 11 15 14 15 11 14 6 2 9 12 0 0 5 0 0 14 0 9 9 6 15 0 1 7 1 1 0 9 13 10 7 9 4 9 4 0 0 15 14 11 14 6 12 13 9 9 6 2 1 5 11 2 7 12 10 14 12 14 6 12 15 15 8 2 	
	15 14 15 2 15 10 9 8 14 11 15 15 1 3 15 0 1 9 10 5 15 6 6 12 11 13 14 1 0 11 9 5 4 0 9 9 6 15 0 1 7 1 1 0 12 0 10 7 9 4 9 15 0 4 15 14 10 14 6 12 13 9 9 6 2 1 5 11 2 7 12 10 14 12 14 6 12 15 15 8 2 	
	15 14 15 2 15 10 9 8 14 11 15 15 1 3 15 0 1 9 14 5 15 11 14 1 9 12 15 9 9 15 8 0 4 10 8 3 3 6 6 7 5 8 2 2 9 13 10 7 9 4 9 15 0 4 12 15 14 11 9 0 13 8 10 7 3 15 1 12 2 10 11 8 14 12 14 6 12 15 15 8 2 	
	15 14 1 12 10 10 10 10 15 8 10 1 13 4 0 13 8 11 10 14 15 11 14 6 2 9 12 8 15 0 13 8 0 5 4 11 11 13 1 9 6 1 2 0 12 0 9 14 13 9 4 6 5 4 15 4 10 14 6 12 13 9 9 6 10 1 5 11 2 7 12 10 14 12 14 6 12 15 15 8 2 	
	15 14 1 12 3 6 12 5 11 1 2 0 12 2 2 12 13 11 10 14 0 14 10 1 9 9 13 8 15 0 1 0 11 3 8 9 11 13 1 9 6 1 6 12 5 8 7 0 14 2 9 15 0 4 15 14 11 14 15 14 13 9 9 6 2 1 5 11 2 7 12 10 14 12 14 6 12 15 15 8 2 	
	15 14 2 7 13 14 13 10 11 14 10 1 5 1 0 13 8 6 15 14 15 11 14 6 2 9 12 0 0 5 0 0 14 0 9 9 6 15 0 1 7 1 1 0 12 0 11 3 3 8 8 15 0 4 15 4 10 14 6 12 13 9 9 6 2 1 5 11 2 7 12 10 14 12 14 6 12 15 15 8 2 	
	10 10 10 8 15 14 11 10 11 14 10 1 5 1 0 13 8 11 10 14 15 14 10 1 9 9 13 5 8 0 0 1 13 11 4 11 11 15 0 1 7 1 1 0 12 0 11 3 3 8 8 15 0 4 15 4 10 14 6 12 13 9 9 6 2 1 5 11 2 7 12 10 14 12 14 6 12 15 15 8 2 	
	11 12 15 2 5 10 9 8 10 14 10 1 5 1 0 13 8 6 15 14 15 11 14 6 2 9 12 0 0 5 0 0 14 0 9 9 6 15 0 1 7 1 1 0 9 13 10 7 5 13 3 4 15 8 9 10 0 15 15 14 8 13 14 15 11 2 3 1 11 1 12 10 14 12 14 13 9 10 15 8 2 	
	11 12 3 8 15 15 6 8 10 14 10 1 5 1 0 13 8 6 15 14 15 11 14 12 11 1 13 8 15 0 0 1 13 11 4 11 11 13 1 9 6 1 6 0 12 0 9 14 13 9 4 6 0 0 15 14 11 14 15 14 13 9 5 4 2 1 5 11 2 7 12 10 14 12 14 6 12 15 15 8 2 	
	15 14 2 7 13 14 15 9 13 3 10 14 6 7 12 6 3 11 10 14 15 11 14 6 2 9 12 0 0 5 0 0 14 0 9 9 6 15 0 1 7 1 1 0 12 0 11 14 3 9 4 6 5 15 12 15 14 11 9 0 13 9 9 6 10 1 3 1 11 1 12 10 14 12 14 6 12 15 15 8 2 	
	15 14 1 8 15 15 10 10 15 8 10 1 13 4 4 12 13 11 15 14 15 11 14 6 2 9 12 0 0 5 0 0 14 0 9 9 6 15 0 1 7 1 1 0 9 13 10 7 9 4 9 4 0 0 15 14 11 14 6 12 13 9 9 6 2 1 5 11 2 7 12 10 14 12 14 6 12 15 15 8 2 	
	15 14 15 2 15 10 9 8 14 11 15 15 1 3 15 0 1 9 10 5 15 6 6 12 11 13 14 1 0 11 9 5 4 0 9 9 6 15 0 1 7 1 1 0 12 0 10 7 9 4 9 15 0 4 15 14 10 14 6 12 13 9 9 6 2 1 5 11 2 7 12 10 14 12 14 6 12 15 15 8 2 	
	15 14 15 2 4 7 13 10 11 14 15 15 1 3 15 0 1 9 10 5 15 6 4 3 13 12 15 3 15 12 2 15 15 1 13 14 8 3 15 7 7 1 1 0 12 0 10 7 9 4 9 15 0 4 15 14 11 14 7 10 10 4 4 9 9 5 11 13 13 13 14 1 15 12 14 6 12 15 15 0 2 	
	15 14 15 2 15 10 9 8 14 11 15 15 1 3 15 0 1 9 14 5 15 11 14 1 9 12 15 9 9 15 8 0 4 10 8 3 3 6 6 7 5 8 2 2 9 13 10 7 9 4 9 15 0 4 12 15 14 11 9 0 13 8 10 7 3 15 1 12 2 10 11 8 14 12 14 6 12 15 15 8 2 	
	15 14 1 12 10 10 10 10 15 8 10 1 13 4 0 13 8 11 10 14 15 11 14 6 2 9 12 8 15 0 13 8 0 5 4 11 11 13 1 9 6 1 2 0 12 0 9 14 13 9 4 6 5 4 15 4 10 14 6 12 13 9 9 6 10 1 5 11 2 7 12 10 14 12 14 13 9 10 15 8 2 	
	15 14 2 7 13 14 13 10 11 14 10 1 5 1 0 13 8 6 15 14 15 11 14 6 2 9 12 0 0 5 0 0 14 0 9 9 6 15 0 1 7 1 1 0 12 0 11 3 3 8 8 15 0 4 15 4 10 14 6 12 13 9 9 6 2 1 5 11 2 7 12 10 14 12 14 13 9 10 15 8 2 	
	15 14 2 7 13 14 15 9 13 3 10 14 6 7 12 6 3 11 10 14 15 11 14 6 2 9 12 0 0 5 0 0 14 0 9 9 6 15 0 1 7 1 1 0 12 0 11 14 3 9 4 6 5 15 12 15 14 11 9 0 13 9 9 6 10 1 3 1 11 1 12 10 14 12 14 6 12 15 15 8 2 	
	10 10 10 8 15 14 11 10 11 14 10 1 5 1 0 13 8 11 10 14 15 14 10 1 9 9 13 5 8 0 0 1 13 11 4 11 11 15 0 1 7 1 1 0 12 0 11 3 3 8 8 15 0 4 15 4 10 14 6 12 13 9 9 6 2 1 5 11 2 7 12 10 14 12 14 6 12 15 15 8 2 	
	15 14 1 8 15 15 10 10 15 8 10 1 13 4 4 12 13 11 15 14 15 11 14 6 2 9 12 0 0 5 0 0 14 0 9 9 6 15 0 1 7 1 1 0 9 13 10 7 9 4 9 4 0 0 15 14 11 14 6 12 13 9 9 6 2 1 5 11 2 7 12 10 14 12 14 6 12 15 15 8 2 	
	15 14 15 2 4 7 13 10 11 14 15 15 1 3 15 0 1 9 10 5 15 6 4 3 13 12 15 3 15 12 2 15 15 1 13 14 8 3 15 7 7 1 1 0 12 0 10 7 9 4 9 15 0 4 15 14 11 14 7 10 10 4 4 9 9 5 11 13 13 13 14 1 14 12 14 6 12 15 15 8 2 	
	15 14 15 2 15 10 9 8 14 11 15 15 1 3 15 0 1 9 14 5 15 11 14 1 9 12 15 9 9 15 8 0 4 10 8 3 3 6 6 7 5 8 2 2 9 13 10 7 9 4 9 15 0 4 12 15 14 11 9 0 13 8 10 7 3 15 1 12 2 10 11 8 14 12 14 13 9 10 15 8 2 	
	10 10 10 8 15 14 11 10 11 14 10 1 5 1 0 13 8 11 10 14 15 14 10 1 9 9 13 5 8 0 0 1 13 11 4 11 11 15 0 1 7 1 1 0 12 0 11 3 3 8 8 15 0 4 15 4 10 14 6 12 13 9 9 6 2 1 5 11 2 7 12 10 14 12 14 6 12 15 15 8 2 	
	15 14 2 7 13 14 13 10 11 14 10 1 5 1 0 13 8 6 15 14 15 11 14 6 2 9 12 0 0 5 0 0 14 0 9 9 6 15 0 1 7 1 1 0 12 0 11 3 3 8 8 15 0 4 15 4 10 14 6 12 13 9 9 6 2 1 5 11 2 7 12 10 14 12 14 6 12 15 15 8 2 	
	15 14 1 8 15 15 10 10 15 8 10 1 13 4 4 12 13 11 15 14 15 11 14 6 2 9 12 0 0 5 0 0 14 0 9 9 6 15 0 1 7 1 1 0 9 13 10 7 9 4 9 4 0 0 15 14 11 14 6 12 13 9 9 6 2 1 5 11 2 7 12 10 14 12 14 6 12 15 15 8 2 	
	15 14 15 2 4 7 13 10 11 14 15 15 1 3 15 0 1 9 10 5 15 6 4 3 13 12 15 3 15 12 2 15 15 1 13 14 8 3 15 7 7 1 1 0 12 0 10 7 9 4 9 15 0 4 15 14 11 14 7 10 10 4 4 9 9 5 11 13 13 13 14 1 14 12 14 6 12 15 15 8 2 	
