R{"total_costs"}=? [ C<=steps ]	R{"time_per_alarm"}=? [ C<=steps ]/alarms
39.685	1.243
160.382	1.107
39.685	1.243
126.398	1.143
111.859	1.159
111.859	1.159
102.649	1.166
154.187	1.111
127.517	1.136
42.586	1.224
160.004	1.108
84.31	1.181
43.462	1.219
50.281	1.21
93.97	1.172
96.289	1.169
40.848	1.234
87.729	1.18
106.428	1.165
40.958	1.229
146.104	1.117
149.242	1.114
134.027	1.125
99.199	1.168
131.955	1.126
68.531	1.196
137.813	1.122
57.669	1.204
76.869	1.187
141.896	1.119
154.187	1.111
127.354	1.14
62.226	1.199
129.713	1.13
140.359	1.12
55.581	1.205
151.859	1.113
107.765	1.163
82.933	1.182
135.824	1.123
81.972	1.183
76.023	1.188
40.39	1.239
109.215	1.161
91.889	1.173
70.89	1.192
53.333	1.209
58.889	1.203
99.746	1.167
44.63	1.217
127.923	1.131
148.182	1.115
127.746	1.132
65.711	1.197
129.871	1.128
61.649	1.2
69.074	1.195
143.587	1.118
89.153	1.178
79.275	1.186
108.009	1.162
151.859	1.113
64.543	1.198
41.042	1.228
79.825	1.185
53.7	1.208
91.786	1.174
48.138	1.212
54.72	1.207
160.004	1.108
72.893	1.191
41.994	1.225
95.24	1.17
40.559	1.236
47.789	1.213
46.027	1.215
143.587	1.118
110.195	1.16
70.709	1.193
74.635	1.189
73.107	1.19
135.525	1.124
127.035	1.141
74.635	1.189
41.496	1.226
46.027	1.215
139.167	1.121
106.428	1.165
130.65	1.127
80.685	1.184
95.24	1.17
90.518	1.175
47.789	1.213
60.414	1.201
49.086	1.211
139.167	1.121
147.281	1.116
65.711	1.197
64.543	1.198
70.186	1.194
43.561	1.218
88.128	1.179
110.195	1.16
49.086	1.211
59.825	1.202
45.547	1.216
147.281	1.116
80.685	1.184
130.65	1.127
90.518	1.175
89.821	1.176
54.992	1.206
60.414	1.201
59.825	1.202
79.275	1.186
99.746	1.167
70.186	1.194
89.656	1.177
45.547	1.216
41.496	1.226
126.845	1.142
88.128	1.179
40.06	1.241
39.691	1.242
53.333	1.209
135.525	1.124
40.107	1.24
54.992	1.206
127.746	1.132
73.107	1.19
72.893	1.191
126.845	1.142
40.559	1.236
89.821	1.176
89.656	1.177
40.687	1.235
40.687	1.235
43.561	1.218
40.107	1.24
40.06	1.241
39.691	1.242
39.685	1.243
111.859	1.159
74.635	1.189
46.027	1.215
95.24	1.17
47.789	1.213
139.167	1.121
64.543	1.198
147.281	1.116
110.195	1.16
49.086	1.211
90.518	1.175
60.414	1.201
99.746	1.167
70.186	1.194
53.333	1.209
80.685	1.184
88.128	1.179
72.893	1.191
40.559	1.236
89.656	1.177
130.65	1.127
43.561	1.218
39.685	1.243
139.167	1.121
147.281	1.116
90.518	1.175
60.414	1.201
99.746	1.167
53.333	1.209
80.685	1.184
88.128	1.179
72.893	1.191
40.559	1.236
130.65	1.127
43.561	1.218
39.685	1.243
139.167	1.121
147.281	1.116
90.518	1.175
60.414	1.201
53.333	1.209
80.685	1.184
88.128	1.179
130.65	1.127
43.561	1.218
40.559	1.236
39.685	1.243
139.167	1.121
90.518	1.175
88.128	1.179
60.414	1.201
130.65	1.127
40.559	1.236
39.685	1.243
60.414	1.201
90.518	1.175
130.65	1.127
40.559	1.236
