decision_0_0_0_s1 decision_0_0_0_s2 decision_0_0_0_s3 decision_0_0_0_mode decision_0_0_1_s1 decision_0_0_1_s2 decision_0_0_1_s3 decision_0_0_1_mode decision_0_0_2_s1 decision_0_0_2_s2 decision_0_0_2_s3 decision_0_0_2_mode decision_0_1_0_s1 decision_0_1_0_s2 decision_0_1_0_s3 decision_0_1_0_mode decision_0_1_1_s1 decision_0_1_1_s2 decision_0_1_1_s3 decision_0_1_1_mode decision_0_1_2_s1 decision_0_1_2_s2 decision_0_1_2_s3 decision_0_1_2_mode decision_0_2_0_s1 decision_0_2_0_s2 decision_0_2_0_s3 decision_0_2_0_mode decision_0_2_1_s1 decision_0_2_1_s2 decision_0_2_1_s3 decision_0_2_1_mode decision_0_2_2_s1 decision_0_2_2_s2 decision_0_2_2_s3 decision_0_2_2_mode decision_1_0_0_s1 decision_1_0_0_s2 decision_1_0_0_s3 decision_1_0_0_mode decision_1_0_1_s1 decision_1_0_1_s2 decision_1_0_1_s3 decision_1_0_1_mode decision_1_0_2_s1 decision_1_0_2_s2 decision_1_0_2_s3 decision_1_0_2_mode decision_1_1_0_s1 decision_1_1_0_s2 decision_1_1_0_s3 decision_1_1_0_mode decision_1_1_1_s1 decision_1_1_1_s2 decision_1_1_1_s3 decision_1_1_1_mode decision_1_1_2_s1 decision_1_1_2_s2 decision_1_1_2_s3 decision_1_1_2_mode decision_1_2_0_s1 decision_1_2_0_s2 decision_1_2_0_s3 decision_1_2_0_mode decision_1_2_1_s1 decision_1_2_1_s2 decision_1_2_1_s3 decision_1_2_1_mode decision_1_2_2_s1 decision_1_2_2_s2 decision_1_2_2_s3 decision_1_2_2_mode decision_2_0_0_s1 decision_2_0_0_s2 decision_2_0_0_s3 decision_2_0_0_mode decision_2_0_1_s1 decision_2_0_1_s2 decision_2_0_1_s3 decision_2_0_1_mode decision_2_0_2_s1 decision_2_0_2_s2 decision_2_0_2_s3 decision_2_0_2_mode decision_2_1_0_s1 decision_2_1_0_s2 decision_2_1_0_s3 decision_2_1_0_mode decision_2_1_1_s1 decision_2_1_1_s2 decision_2_1_1_s3 decision_2_1_1_mode decision_2_1_2_s1 decision_2_1_2_s2 decision_2_1_2_s3 decision_2_1_2_mode decision_2_2_0_s1 decision_2_2_0_s2 decision_2_2_0_s3 decision_2_2_0_mode decision_2_2_1_s1 decision_2_2_1_s2 decision_2_2_1_s3 decision_2_2_1_mode decision_2_2_2_s1 decision_2_2_2_s2 decision_2_2_2_s3 decision_2_2_2_mode

	15 9 15 4 12 10 10 3 13 14 14 4 15 5 7 1 11 15 11 2 15 9 12 4 6 8 7 2 6 0 14 6 10 11 7 4 11 11 12 4 9 12 8 3 2 14 7 6 10 7 3 3 11 9 14 6 12 4 12 6 3 3 14 6 3 14 11 6 9 13 6 3 11 6 15 4 14 7 13 6 5 12 14 4 14 0 13 4 12 9 8 5 7 12 4 2 14 11 10 6 14 13 14 4 12 11 9 5 	
	15 15 15 4 12 10 10 3 13 14 14 4 15 11 9 1 14 7 12 2 15 12 10 5 13 9 9 6 14 8 14 2 13 8 15 6 10 14 14 4 9 12 8 3 5 4 3 2 10 0 15 1 2 7 14 6 12 6 7 2 8 14 12 6 3 14 11 6 9 13 6 3 11 6 15 4 14 12 15 3 5 12 14 4 14 0 13 4 12 9 8 5 7 12 4 2 14 11 10 6 14 13 14 4 12 11 10 3 	
	15 9 15 4 12 10 10 3 13 14 14 4 15 11 9 5 14 7 12 2 15 12 10 5 13 9 9 6 14 8 14 2 0 8 15 6 10 14 14 4 9 12 8 3 2 14 7 6 10 7 12 5 4 9 14 6 12 6 7 2 8 14 12 5 14 14 11 6 9 13 6 3 11 6 15 4 14 12 15 3 5 12 14 4 14 0 13 4 12 9 8 5 7 12 4 2 14 11 10 6 14 13 14 4 12 11 10 3 	
	15 15 15 4 12 10 10 3 13 14 14 4 15 11 9 5 14 7 12 2 15 12 10 5 13 9 9 6 14 8 14 2 0 8 15 6 10 14 14 4 9 12 8 3 2 14 7 6 10 7 9 4 9 9 0 2 12 6 7 2 8 14 12 5 14 14 11 6 9 13 6 3 11 6 15 4 14 12 15 3 5 12 14 4 14 0 13 4 12 9 8 5 7 12 4 2 14 11 10 6 14 13 14 4 12 11 10 3 	
	15 15 15 4 12 10 10 3 13 14 14 4 15 11 9 1 14 7 12 2 15 12 10 5 13 9 9 6 14 8 14 2 13 2 15 6 10 14 14 5 13 15 14 3 2 14 7 5 0 1 9 4 9 9 14 6 12 6 12 6 8 14 12 5 14 14 11 6 9 13 6 3 11 6 15 4 14 12 15 3 5 12 14 4 14 0 13 4 12 9 8 5 7 12 4 2 14 11 10 6 14 13 14 4 12 11 10 3 	
	15 15 15 6 12 10 10 3 13 14 14 4 15 5 9 5 14 7 12 2 15 9 12 4 6 8 13 5 1 9 10 6 13 2 15 6 10 14 14 5 13 15 14 3 2 14 7 5 0 1 12 5 4 9 14 6 12 6 7 2 8 14 12 5 14 14 11 6 9 13 6 3 11 6 15 4 14 12 15 3 5 12 14 4 14 0 13 4 12 9 8 5 7 12 4 2 14 11 10 6 14 13 14 4 12 11 10 3 	
	15 9 15 4 12 10 10 3 13 14 14 4 15 11 9 5 14 7 12 2 15 12 10 5 13 9 9 6 14 8 14 2 13 2 15 6 10 14 14 5 13 15 14 3 2 14 7 6 10 7 9 4 9 9 14 6 12 6 12 6 8 14 12 5 14 14 11 6 9 13 6 3 11 6 15 4 14 12 15 3 5 12 14 4 14 0 13 4 12 9 8 5 7 12 4 2 14 11 10 6 14 13 14 4 12 11 4 3 	
	15 15 15 6 12 10 10 3 13 14 14 4 15 5 9 5 14 7 12 2 15 9 12 4 6 8 13 5 1 9 10 6 13 2 15 6 10 14 14 5 13 15 14 3 2 14 7 5 0 1 12 5 4 9 14 6 12 6 7 2 8 14 12 5 14 14 11 6 9 13 6 3 11 6 15 4 14 12 15 3 5 12 14 4 14 0 13 4 12 9 8 5 7 12 4 2 14 11 10 6 14 13 14 4 12 11 10 3 	
	15 9 15 4 12 10 10 3 13 14 14 4 15 11 9 5 14 7 12 2 15 12 10 5 13 9 9 6 14 8 14 2 13 2 15 6 10 14 14 5 13 15 14 3 2 14 7 6 10 7 9 4 9 9 14 6 12 6 12 6 8 14 12 5 14 14 11 6 9 13 6 3 11 6 15 4 14 12 15 3 5 12 14 4 14 0 13 4 12 9 8 5 7 12 4 2 14 11 10 6 14 13 14 4 12 11 10 3 	
	15 9 15 4 12 10 10 3 13 14 14 4 15 11 9 5 14 7 12 2 15 12 10 5 13 9 9 6 14 8 14 2 0 8 15 6 10 14 14 4 9 12 8 3 2 14 7 6 10 7 12 5 4 9 14 6 12 6 7 2 8 14 12 5 14 14 11 6 9 13 6 3 11 6 15 4 14 12 15 3 5 12 14 4 14 0 13 4 12 9 8 5 7 12 4 2 14 11 10 6 14 13 14 4 12 11 4 3 	
	15 15 15 4 12 10 10 3 13 14 14 4 15 11 9 5 14 7 12 2 15 12 10 5 13 9 9 6 14 8 14 2 13 2 15 6 10 14 14 4 9 12 8 3 2 14 7 6 10 7 9 4 9 9 14 6 12 6 7 2 8 14 12 5 14 14 11 6 9 13 6 3 11 6 15 4 14 12 15 3 5 12 14 4 14 0 13 4 12 9 8 5 7 12 4 2 14 11 10 6 14 13 14 4 12 11 10 3 	
	15 15 15 6 12 10 10 3 13 14 14 4 15 5 9 5 14 7 12 2 15 9 12 4 6 8 13 5 1 9 10 6 13 2 15 6 10 14 14 5 13 15 14 3 2 14 7 5 0 1 12 5 4 9 14 6 12 6 7 2 8 14 12 5 14 14 11 6 9 13 6 3 11 6 15 4 14 12 15 3 5 12 14 4 14 0 13 4 12 9 8 5 7 12 4 2 14 11 10 6 14 13 14 4 12 11 10 3 	
	15 15 15 4 12 10 10 3 13 14 14 4 15 11 9 5 14 7 12 2 15 12 10 5 13 9 9 6 14 8 14 2 0 8 15 6 10 14 14 4 9 12 8 3 2 14 7 6 10 7 12 5 4 9 14 6 12 6 7 2 8 14 12 5 14 14 11 6 9 13 6 3 11 6 15 4 14 12 15 3 5 12 14 4 14 0 13 4 12 9 8 5 7 12 4 2 14 11 10 6 14 13 14 4 12 11 4 3 	
	15 15 15 4 12 10 10 3 13 14 14 4 15 11 9 5 14 7 12 2 15 12 10 5 13 9 9 6 14 8 14 2 13 2 15 6 10 14 14 4 9 12 8 3 2 14 7 6 10 7 9 4 9 9 14 6 12 6 7 2 8 14 12 5 14 14 11 6 9 13 6 3 11 6 15 4 14 12 15 3 5 12 14 4 14 0 13 4 12 9 8 5 7 12 4 2 14 11 10 6 14 13 14 4 12 11 4 3 	
	15 15 15 4 12 10 10 3 13 14 14 4 15 11 9 5 14 7 12 2 15 12 10 5 13 9 9 6 14 8 14 2 0 8 15 6 10 14 14 4 9 12 8 3 2 14 7 6 10 7 12 5 4 9 14 6 12 6 7 2 8 14 12 5 14 14 11 6 9 13 6 3 11 6 15 4 14 12 15 3 5 12 14 4 14 0 13 4 12 9 8 5 7 12 4 2 14 11 10 6 14 13 11 4 12 11 10 3 	
	15 15 15 6 12 10 10 3 13 14 14 4 15 5 9 5 14 7 12 2 15 9 12 4 6 8 13 5 1 9 10 6 13 2 15 6 10 14 14 5 13 15 14 3 2 14 7 5 0 1 12 5 4 9 14 6 12 6 7 2 8 14 12 5 14 14 11 6 9 13 6 3 11 6 15 4 14 12 15 3 5 12 14 4 14 0 13 4 12 9 8 5 7 12 4 2 14 11 10 6 14 13 14 4 12 11 10 3 	
	15 15 15 4 12 10 10 3 13 14 14 4 15 11 9 1 14 7 12 2 15 12 10 5 13 9 9 6 14 8 14 2 13 2 15 6 10 14 14 5 13 15 14 3 2 14 7 5 0 1 9 4 9 9 14 6 12 6 7 2 8 14 12 5 14 14 11 6 9 13 6 3 11 6 15 4 14 12 15 3 5 12 14 4 14 0 13 4 12 9 8 5 7 12 4 2 14 11 10 6 14 13 14 4 12 11 10 3 	
	15 9 15 4 12 10 10 3 13 14 14 4 15 11 9 5 14 7 12 2 15 12 10 5 13 9 9 6 14 8 14 2 0 8 15 6 10 14 14 4 9 12 8 3 2 14 7 6 10 7 12 5 4 9 14 6 12 6 7 2 8 14 12 5 14 14 11 6 9 13 6 3 11 6 15 4 14 12 15 3 5 12 14 4 14 0 13 4 12 9 8 5 7 12 4 2 14 11 10 6 14 13 14 4 12 11 10 3 	
	15 15 15 4 12 10 10 3 13 14 14 4 15 11 9 5 14 7 12 2 15 12 10 5 13 9 9 6 14 8 14 2 0 8 15 6 10 14 14 4 9 12 14 5 5 4 3 2 10 7 9 4 9 9 14 6 12 6 7 2 8 14 12 5 14 14 11 6 9 13 6 3 11 6 15 4 14 12 15 3 5 12 14 4 14 0 13 4 12 9 8 5 7 12 4 2 14 11 10 6 14 13 14 4 12 11 10 3 	
	15 15 15 4 12 10 10 3 13 14 14 4 15 11 9 1 14 7 12 2 15 12 10 5 13 9 9 6 14 8 14 2 13 2 15 6 10 14 14 5 13 15 14 3 2 14 7 5 0 1 12 4 9 9 14 6 12 6 12 6 8 14 12 5 14 14 11 6 9 13 6 3 11 6 15 4 14 12 15 3 5 12 14 4 14 0 13 4 12 9 8 5 7 12 4 2 14 11 10 6 14 13 14 4 12 11 10 3 	
	15 9 15 4 12 10 10 3 13 14 14 4 15 11 9 5 14 7 12 2 15 12 10 5 13 9 9 6 14 8 14 2 13 2 15 6 10 14 14 5 13 15 14 3 2 14 7 6 10 7 9 4 9 9 14 6 12 6 12 6 8 14 12 5 14 14 11 6 9 13 6 3 11 6 15 4 14 12 15 3 5 12 14 4 14 0 13 4 12 9 8 5 7 12 4 2 14 11 10 6 14 13 14 4 12 11 10 3 	
	15 15 15 4 12 10 10 3 13 14 14 4 15 11 9 5 14 7 12 2 15 12 10 5 13 9 9 6 14 8 14 2 13 8 15 6 10 14 14 4 9 12 8 3 5 4 3 2 10 0 15 1 2 7 14 6 12 6 7 2 8 14 12 6 3 14 11 6 9 13 6 3 11 6 15 4 14 12 15 3 5 12 14 4 14 0 13 4 12 9 8 5 7 12 4 2 14 11 10 6 14 13 14 4 12 11 10 3 	
	15 15 15 4 12 10 10 3 13 14 14 4 15 11 9 1 14 7 12 2 15 12 10 5 13 9 9 6 14 8 14 2 13 8 15 6 10 14 14 4 9 12 8 3 5 4 3 2 10 0 15 1 2 7 14 6 12 6 7 2 8 14 12 6 3 14 11 6 9 13 6 3 11 6 15 4 14 12 15 3 5 12 14 4 14 0 13 4 12 9 8 5 7 12 4 2 14 11 10 6 14 13 14 4 12 11 10 3 	
	15 15 15 4 12 10 10 3 13 14 14 4 15 11 9 1 14 7 12 2 15 12 10 5 13 9 9 6 14 8 14 2 13 8 15 6 10 14 14 4 9 12 8 3 5 4 3 2 10 0 15 1 2 7 14 6 12 6 7 2 8 14 12 6 3 14 11 6 9 13 6 3 11 6 15 4 14 12 15 3 5 12 14 4 14 0 13 4 12 9 8 5 7 12 4 2 14 11 10 6 14 13 14 4 12 11 10 3 	
	15 15 15 6 12 10 10 3 13 14 14 4 15 11 9 1 14 7 12 2 15 12 10 5 13 9 9 6 14 8 14 2 0 8 15 6 10 14 14 4 9 12 8 3 2 14 7 6 10 7 9 4 9 9 14 6 12 6 7 2 8 14 12 6 3 14 11 6 9 13 6 3 11 6 15 4 14 7 13 6 5 12 14 4 14 0 13 4 12 9 8 5 7 12 4 2 14 11 10 6 14 13 14 4 10 5 12 1 	
	15 15 15 4 12 10 10 3 13 14 14 4 15 11 9 5 14 7 12 2 15 12 10 5 13 9 9 6 14 8 14 2 0 8 15 6 10 14 14 4 9 12 8 3 2 14 7 6 10 7 9 5 4 9 14 6 12 6 7 2 8 14 12 5 14 14 11 6 9 13 6 3 11 6 15 4 14 12 15 3 5 12 14 4 14 0 13 4 12 9 8 5 7 12 4 2 14 11 10 6 14 13 14 4 12 11 10 3 	
	15 15 15 4 12 10 10 3 13 14 14 4 15 11 9 1 14 7 12 2 15 12 10 5 13 9 9 6 14 8 14 2 0 8 15 6 10 14 14 4 9 12 8 3 2 14 7 6 10 7 9 4 9 9 14 6 12 6 7 2 8 14 12 5 14 14 11 6 9 13 6 3 11 6 15 4 14 12 15 3 5 12 14 4 14 0 13 4 12 9 8 5 7 12 4 2 14 11 10 6 14 13 14 4 12 11 10 3 	
	15 15 15 6 12 10 10 3 13 14 14 4 15 11 9 1 14 7 12 2 15 12 10 5 13 9 9 6 14 8 14 2 0 8 15 6 10 14 14 4 9 12 8 3 2 14 7 5 0 1 12 4 9 9 14 6 12 6 12 6 8 14 12 5 14 14 11 6 9 13 6 3 11 6 15 4 14 12 15 3 5 12 14 4 14 0 13 4 12 9 8 5 7 12 4 2 14 11 10 6 14 13 14 4 12 11 10 3 	
	15 9 15 4 12 10 10 3 13 14 14 4 15 11 9 5 14 7 12 2 15 12 10 5 13 9 9 6 14 8 14 2 0 8 15 6 10 14 14 4 9 12 8 3 2 14 7 6 10 7 12 5 4 9 14 6 12 6 7 2 8 14 12 5 14 14 11 6 9 13 6 3 11 6 15 4 14 12 15 3 5 12 14 4 14 0 13 4 12 9 8 5 7 12 4 2 14 11 10 6 14 13 14 4 12 11 10 3 	
	15 15 15 6 12 10 10 3 13 14 14 4 15 5 9 5 14 7 12 2 15 9 12 4 6 8 13 5 1 9 10 6 13 2 15 6 10 14 14 5 13 15 14 3 2 14 7 5 0 1 12 5 4 9 14 6 12 6 7 2 8 14 12 5 14 14 11 6 9 13 6 3 11 6 15 4 14 12 15 3 5 12 14 4 14 0 13 4 12 9 8 5 7 12 4 2 14 11 10 6 14 13 14 4 12 11 10 3 	
	15 15 15 4 12 10 10 3 13 14 14 4 15 11 9 1 14 7 12 2 15 12 10 5 13 9 9 6 14 8 14 2 13 2 15 6 10 14 14 5 13 15 14 3 2 14 7 5 0 1 9 4 9 9 14 6 12 6 12 6 8 14 12 5 14 14 11 6 9 13 6 3 11 6 15 4 14 12 15 3 5 12 14 4 14 0 13 4 12 9 8 5 7 12 4 2 14 11 10 6 14 13 14 4 12 11 10 3 	
	15 15 15 4 12 10 10 3 13 14 14 4 15 11 9 5 14 7 12 2 15 12 10 5 13 9 9 6 14 8 14 2 0 8 15 6 10 14 14 4 13 15 14 5 5 4 3 2 10 7 9 4 4 9 14 6 12 6 7 2 8 14 12 5 14 14 11 6 9 13 6 3 11 6 15 4 14 12 15 3 5 12 14 4 14 0 13 4 12 9 8 5 7 12 4 2 14 11 10 6 14 13 14 4 12 11 10 3 	
	13 15 6 6 12 10 10 3 13 14 14 4 15 5 9 5 14 7 12 2 15 9 12 4 6 8 13 5 1 9 10 6 13 2 15 6 10 14 14 5 9 12 8 3 2 14 7 6 10 7 9 4 9 9 14 6 12 6 12 6 8 14 12 5 14 14 11 6 9 13 6 3 11 6 15 4 14 12 15 3 5 12 14 4 14 0 13 4 12 9 8 5 7 12 4 2 14 11 10 6 14 13 14 4 12 11 4 3 	
	15 9 15 4 12 10 10 3 13 14 14 4 15 11 9 5 14 7 12 2 15 12 10 5 13 9 9 6 14 8 14 2 13 2 15 6 10 14 14 5 13 15 14 3 2 14 7 6 10 7 9 4 9 9 14 6 12 6 12 6 8 14 12 5 14 14 11 6 9 13 6 3 11 6 15 4 14 12 15 3 5 12 14 4 14 0 13 4 12 9 8 5 7 12 4 2 14 11 10 6 14 13 14 4 12 11 10 3 	
	15 9 15 4 12 10 10 3 13 14 14 4 15 11 9 5 14 7 12 2 15 12 10 5 13 9 9 6 14 8 14 2 13 2 15 6 10 14 14 5 13 15 14 3 2 14 7 6 10 7 9 4 9 9 14 6 12 6 12 6 8 14 12 5 14 14 11 6 9 13 6 3 11 6 15 4 14 12 15 3 5 12 14 4 14 0 13 4 12 9 8 5 7 12 4 2 14 11 10 6 14 13 14 4 12 11 4 3 	
	15 9 15 4 12 10 10 3 13 14 14 4 15 11 9 5 14 7 12 2 15 12 10 5 13 9 9 6 14 8 14 2 0 8 15 6 10 14 14 4 9 12 8 3 2 14 7 6 10 7 12 5 4 9 14 6 12 6 7 2 8 14 12 5 14 14 11 6 9 13 6 3 11 6 15 4 14 12 15 3 5 12 14 4 14 0 13 4 12 9 8 5 7 12 4 2 14 11 10 6 14 13 14 4 12 11 10 3 	
	15 15 15 4 12 10 10 3 13 14 14 4 15 11 9 5 14 7 12 2 15 12 10 5 13 9 9 6 14 8 14 2 13 2 15 6 10 14 14 5 13 15 14 3 2 14 7 5 0 1 9 4 9 9 14 6 12 6 7 2 8 14 12 5 14 14 11 6 9 13 6 3 11 6 15 4 14 12 15 3 5 12 14 4 14 0 13 4 12 9 8 5 7 12 4 2 14 11 10 6 14 13 14 4 12 11 10 3 	
	15 15 15 6 12 10 10 3 13 14 14 4 15 5 9 5 14 7 12 2 15 9 12 4 6 8 13 5 1 9 10 6 13 2 15 6 10 14 14 5 13 15 14 3 2 14 7 5 0 1 9 4 9 9 14 6 12 6 12 6 8 14 12 5 14 14 11 6 9 13 6 3 11 6 15 4 14 12 15 3 5 12 14 4 14 0 13 4 12 9 8 5 7 12 4 2 14 11 10 6 14 13 14 4 12 11 10 3 	
	15 15 15 4 12 10 10 3 13 14 14 4 15 11 9 1 14 7 12 2 15 12 10 5 13 9 9 6 14 8 14 2 13 2 15 6 10 14 14 4 9 12 8 3 2 14 7 6 10 7 9 4 9 9 14 6 12 6 7 2 8 14 12 5 14 14 11 6 9 13 6 3 11 6 15 4 14 12 15 3 5 12 14 4 14 0 13 4 12 9 8 5 7 12 4 2 14 11 10 6 14 13 14 4 12 11 4 3 	
	15 15 15 4 12 10 10 3 13 14 14 4 15 11 9 5 14 7 12 2 15 12 10 5 13 9 9 6 14 8 14 2 0 8 15 6 10 14 14 4 9 12 14 5 5 4 3 2 10 7 9 4 9 9 14 6 12 6 7 2 8 14 12 5 14 14 11 6 9 13 6 3 11 6 15 4 14 12 15 3 5 12 14 4 14 0 13 4 12 9 8 5 7 12 4 2 14 11 10 6 14 13 14 4 12 11 10 3 	
	15 15 15 4 12 10 10 3 13 14 14 4 15 11 9 5 14 7 12 2 15 12 10 5 13 9 9 6 14 8 14 2 0 8 15 6 10 14 14 4 9 12 14 5 5 4 3 2 10 7 9 4 9 9 14 6 12 6 7 2 8 14 12 5 14 14 11 6 9 13 6 3 11 6 15 4 14 12 15 3 5 12 14 4 14 0 13 4 12 9 8 5 7 12 4 2 14 11 10 6 14 13 14 4 12 11 10 3 	
	15 15 15 4 12 10 10 3 13 14 14 4 15 11 9 5 14 7 12 2 15 12 10 5 13 9 9 6 14 8 14 2 13 2 15 6 10 14 14 4 9 12 8 3 2 14 7 6 10 7 9 4 9 9 14 6 12 6 7 2 8 14 12 5 14 14 11 6 9 13 6 3 11 6 15 4 14 12 15 3 5 12 14 4 14 0 13 4 12 9 8 5 7 12 4 2 14 11 10 6 14 13 14 4 12 11 4 3 	
	15 15 15 4 12 10 10 3 13 14 14 4 15 11 9 5 14 7 12 2 15 12 10 5 13 9 9 6 14 8 14 2 13 2 15 6 10 14 14 5 13 15 14 3 2 14 7 5 0 1 9 4 9 9 14 6 12 6 12 6 8 14 12 5 14 14 11 6 9 13 6 3 11 6 15 4 14 12 15 3 5 12 14 4 14 0 13 4 12 9 8 5 7 12 4 2 14 11 10 6 14 13 14 4 12 11 10 3 	
	15 9 15 4 12 10 10 3 13 14 14 4 15 11 9 5 14 7 12 2 15 12 10 5 13 9 9 6 14 8 14 2 0 8 15 6 10 14 14 4 9 12 8 3 2 14 7 6 10 7 12 5 4 9 14 6 12 6 7 2 8 14 12 5 14 14 11 6 9 13 6 3 11 6 15 4 14 12 15 3 5 12 14 4 14 0 13 4 12 9 8 5 7 12 4 2 14 11 10 6 14 13 14 4 12 11 4 3 	
	15 15 15 4 12 10 10 3 13 14 14 4 15 11 9 1 14 7 12 2 15 12 10 5 13 9 9 6 14 8 14 2 13 2 15 6 10 14 14 5 13 15 14 3 2 14 7 5 0 1 9 4 9 9 14 6 12 6 7 2 8 14 12 5 14 14 11 6 9 13 6 3 11 6 15 4 14 12 15 3 5 12 14 4 14 0 13 4 12 9 8 5 7 12 4 2 14 11 10 6 14 13 14 4 12 11 10 3 	
	15 15 15 6 12 10 10 3 13 14 14 4 15 5 9 5 14 7 12 2 15 9 12 4 6 8 13 5 1 9 10 6 13 2 15 6 10 14 14 5 13 15 14 3 2 14 7 5 0 1 12 5 4 9 14 6 12 6 7 2 8 14 12 5 14 14 11 6 9 13 6 3 11 6 15 4 14 12 15 3 5 12 14 4 14 0 13 4 12 9 8 5 7 12 4 2 14 11 10 6 14 13 14 4 12 11 10 3 	
