R{"total_costs"}=? [ C<=steps ]	R{"time_per_alarm"}=? [ C<=steps ]/alarms
53.836	1.112
42.266	1.178
44.129	1.162
54.072	1.111
42.502	1.177
47.845	1.113
44.459	1.161
47.845	1.113
44.459	1.161
44.129	1.162
42.614	1.165
47.845	1.113
42.647	1.164
42.614	1.165
42.647	1.164
47.845	1.113
42.502	1.177
44.129	1.162
42.607	1.166
42.502	1.177
44.459	1.161
42.266	1.178
42.266	1.178
42.266	1.178
47.658	1.115
42.647	1.164
47.571	1.119
47.612	1.118
44.129	1.162
47.845	1.113
42.502	1.177
42.607	1.166
42.607	1.166
44.459	1.161
44.459	1.161
44.129	1.162
42.891	1.163
47.827	1.114
42.227	1.179
42.607	1.166
42.607	1.166
42.614	1.165
42.891	1.163
44.129	1.162
42.502	1.177
47.845	1.113
