decision_0_0_0_s1 decision_0_0_0_s2 decision_0_0_0_s3 decision_0_0_1_s1 decision_0_0_1_s2 decision_0_0_2_s1 decision_0_0_2_s2 decision_0_0_2_s3 decision_0_1_0_s1 decision_0_1_0_s3 decision_0_1_1_s1 decision_0_1_2_s1 decision_0_1_2_s3 decision_0_2_0_s1 decision_0_2_0_s2 decision_0_2_0_s3 decision_0_2_1_s1 decision_0_2_1_s2 decision_0_2_2_s1 decision_0_2_2_s2 decision_0_2_2_s3 decision_1_0_0_s2 decision_1_0_0_s3 decision_1_0_1_s2 decision_1_0_2_s2 decision_1_0_2_s3 decision_1_1_0_s3 decision_1_1_2_s3 decision_1_2_0_s2 decision_1_2_0_s3 decision_1_2_1_s2 decision_1_2_2_s2 decision_1_2_2_s3 decision_2_0_0_s1 decision_2_0_0_s2 decision_2_0_0_s3 decision_2_0_1_s1 decision_2_0_1_s2 decision_2_0_2_s1 decision_2_0_2_s2 decision_2_0_2_s3 decision_2_1_0_s1 decision_2_1_0_s3 decision_2_1_1_s1 decision_2_1_2_s1 decision_2_1_2_s3 decision_2_2_0_s1 decision_2_2_0_s2 decision_2_2_0_s3 decision_2_2_1_s1 decision_2_2_1_s2 decision_2_2_2_s1 decision_2_2_2_s2 decision_2_2_2_s3

	5 15 14 9 10 15 14 15 13 0 6 0 6 15 12 3 6 8 4 6 11 10 0 8 12 9 0 9 15 14 3 14 2 13 12 0 1 15 13 6 12 4 7 6 7 3 15 15 9 13 15 4 13 6 	
	15 0 14 2 9 14 14 15 13 0 7 1 3 12 12 1 0 6 6 15 15 13 0 9 5 7 6 5 15 3 15 11 12 15 12 15 1 15 9 15 4 11 10 9 7 3 15 15 9 13 14 1 5 5 	
	14 15 2 8 14 15 14 15 13 0 6 0 6 15 12 3 6 8 4 6 7 7 12 1 12 9 0 5 15 14 15 11 12 15 10 15 1 15 9 3 10 11 10 9 7 3 15 15 10 1 10 15 3 2 	
	15 15 14 8 14 15 14 15 13 0 6 0 6 15 12 3 6 8 4 6 7 7 12 1 12 9 0 5 15 14 15 11 12 15 12 15 1 15 9 3 10 11 10 9 7 3 15 15 9 13 10 6 5 5 	
	15 15 1 12 10 9 14 15 13 0 6 6 3 0 10 6 10 5 8 15 15 13 0 8 12 9 0 5 15 3 15 11 12 15 12 15 1 15 9 3 10 11 11 13 7 3 15 15 9 13 14 1 5 2 	
	15 15 1 9 11 6 14 15 13 0 6 6 6 7 10 1 10 5 8 15 15 13 0 8 13 9 0 9 15 14 15 11 12 13 12 0 1 15 13 6 12 4 7 6 3 3 15 15 9 14 15 4 13 6 	
	11 15 14 12 11 15 14 15 13 0 6 0 6 15 12 3 10 5 8 15 15 13 0 8 12 9 0 5 15 14 15 11 12 15 12 15 1 15 9 3 10 11 10 9 3 3 15 15 9 14 15 4 13 6 	
	15 15 1 9 10 15 1 15 9 0 7 15 12 12 12 1 0 5 8 15 15 13 0 8 13 9 0 9 15 14 3 14 2 13 12 0 1 15 13 6 12 4 7 6 7 3 15 15 9 13 15 4 13 6 	
	6 15 4 6 10 15 14 15 13 0 6 6 3 12 12 1 0 6 6 15 11 10 0 8 12 7 6 5 9 10 15 11 12 15 10 15 1 15 9 3 10 11 10 9 7 3 15 15 10 1 10 15 3 2 	
	15 15 2 7 14 11 10 14 12 6 5 2 7 8 10 11 10 5 12 1 1 0 12 9 5 7 6 5 9 10 15 11 12 15 12 15 1 15 9 15 5 9 11 13 7 3 15 15 9 13 14 1 5 5 	
	14 15 2 7 14 11 10 15 8 0 6 6 6 7 15 4 3 11 15 15 11 0 12 0 13 7 6 5 15 3 15 11 12 15 12 15 1 15 9 15 12 9 9 2 14 9 15 15 9 13 14 1 5 6 	
	15 0 14 2 9 14 7 15 13 0 6 6 3 12 12 1 0 6 6 15 11 10 12 9 5 7 6 5 9 14 3 12 12 15 12 15 1 15 9 15 10 11 10 9 7 3 15 15 9 13 15 4 13 6 	
	5 15 14 12 11 6 14 15 13 0 6 6 6 12 12 1 0 6 8 15 15 13 0 9 5 9 0 5 14 13 10 11 12 15 10 15 1 15 13 6 12 4 7 6 7 3 15 15 9 13 14 1 5 5 	
	15 15 1 9 10 15 1 15 9 0 7 15 12 12 12 1 0 5 8 15 15 13 0 8 13 9 0 9 15 14 3 14 2 13 12 0 1 15 13 6 12 4 7 6 7 3 15 15 9 14 15 4 13 6 	
	15 15 1 9 10 15 1 15 9 0 7 15 12 12 12 1 0 5 8 15 15 13 0 8 13 9 0 9 15 14 3 14 2 13 12 0 1 15 13 6 12 4 7 6 7 3 15 15 9 13 15 4 13 6 	
	15 15 1 9 10 15 14 15 13 0 6 0 6 15 12 11 10 5 8 15 7 10 12 9 5 7 6 5 9 10 15 11 12 15 10 15 1 15 9 6 12 4 7 6 3 3 15 15 9 14 15 4 13 6 	
	6 15 14 12 10 15 14 15 13 0 6 0 6 15 10 11 10 6 6 15 11 0 12 0 12 7 6 5 9 3 15 11 12 15 10 15 1 15 9 3 10 11 10 9 7 3 15 15 9 14 15 4 13 6 	
	14 15 2 8 14 15 14 15 13 0 6 0 6 15 12 3 6 8 4 6 7 7 12 1 12 9 0 5 15 14 15 11 12 15 10 15 1 15 9 3 10 11 10 9 7 3 15 15 10 1 10 15 3 2 	
	5 15 14 9 10 15 14 15 13 0 6 0 6 15 12 3 6 8 4 6 11 10 0 8 12 9 0 9 15 14 3 14 2 13 12 0 1 15 13 6 12 4 7 6 7 3 15 15 9 13 15 4 13 6 	
	5 15 5 4 10 3 14 15 13 0 6 0 6 15 12 3 10 5 8 15 15 13 0 8 12 9 0 5 15 14 15 11 12 15 12 15 1 15 9 15 10 11 10 9 7 3 15 15 9 13 15 4 13 6 	
	15 0 14 2 9 14 14 15 13 0 7 1 3 12 12 1 0 6 6 15 15 13 0 9 5 7 6 5 15 3 15 11 12 15 12 15 1 15 9 15 4 11 10 9 7 3 15 15 9 13 14 1 5 5 	
	5 15 2 7 14 11 10 15 8 0 6 6 3 12 12 1 0 6 8 15 15 13 0 9 5 9 0 5 14 13 10 11 12 15 12 15 1 15 9 3 10 11 10 9 7 3 15 15 9 13 14 1 5 5 	
	5 15 2 7 14 11 10 15 8 0 6 6 3 12 12 1 0 6 8 15 15 13 0 8 13 9 0 9 15 14 3 14 2 13 12 0 1 15 13 6 12 4 7 6 7 3 15 15 9 13 14 1 5 5 	
	15 15 1 9 11 6 14 15 13 0 6 6 6 7 10 1 10 5 8 15 15 13 0 8 13 9 0 9 15 14 15 11 12 13 12 0 1 15 13 6 12 4 7 6 3 3 15 15 9 14 15 4 13 5 	
	5 15 14 12 10 9 1 15 9 0 7 15 12 12 12 1 0 5 8 15 15 13 0 8 13 9 0 9 15 14 3 14 2 13 12 0 1 15 13 6 12 4 7 6 7 3 15 15 9 13 14 1 5 5 	
	11 15 14 12 11 6 14 15 13 0 13 1 3 12 12 1 0 6 6 15 11 0 0 8 12 9 0 5 15 14 15 11 12 15 12 15 1 15 9 3 10 11 10 9 3 3 15 15 9 14 15 4 13 6 	
	5 15 14 12 11 6 14 15 13 0 6 6 6 7 10 1 10 5 8 15 15 13 0 8 12 9 0 5 15 14 15 11 12 13 12 0 1 15 13 6 12 9 9 2 14 9 15 15 9 14 15 4 13 6 	
	15 0 14 2 9 14 14 15 13 0 7 1 3 12 12 1 0 6 6 15 15 13 0 9 5 7 6 5 15 3 15 11 12 15 12 15 1 15 9 15 4 11 10 9 14 9 15 15 9 13 14 1 5 5 	
	3 12 1 9 10 15 1 15 9 0 7 15 12 12 12 1 0 6 8 15 15 13 0 8 13 9 0 9 15 14 3 14 2 13 12 0 1 15 13 6 12 4 7 6 7 3 15 15 9 14 15 4 13 6 	
	3 12 2 15 10 3 14 15 13 0 6 6 3 12 12 1 0 6 6 15 11 10 0 8 12 9 0 9 15 14 3 14 2 13 12 0 1 15 13 6 12 11 10 9 6 3 15 15 9 13 14 1 5 5 	
	15 15 14 8 14 15 14 15 13 0 6 0 6 15 12 3 10 5 8 15 15 13 0 8 12 9 0 5 15 14 15 11 12 15 12 15 1 15 9 3 10 11 10 9 7 3 15 15 9 14 15 4 13 6 	
	5 15 5 4 10 3 14 15 13 0 6 6 3 12 10 1 10 5 8 15 15 13 0 8 13 9 0 5 15 14 15 11 12 13 12 0 1 15 13 6 12 9 9 2 14 9 15 15 9 13 14 1 5 5 	
	6 15 5 4 10 15 14 15 13 0 6 1 11 15 12 3 10 5 8 15 15 13 0 8 12 9 0 5 15 14 15 11 12 15 12 15 1 15 9 3 10 11 10 9 7 3 15 15 9 13 14 1 5 5 	
	3 10 4 6 10 12 14 15 13 0 6 10 11 12 12 1 0 6 6 15 15 13 0 8 12 9 0 5 15 14 15 11 12 15 12 15 1 15 9 3 10 11 10 9 7 3 15 15 9 13 15 4 13 6 	
	5 10 4 6 10 3 14 15 13 0 6 6 3 12 12 1 0 6 6 15 15 13 0 9 0 7 0 9 9 10 15 11 12 15 10 15 1 15 9 3 10 11 10 9 7 3 15 15 9 13 14 1 5 5 	
	6 15 2 12 10 9 14 15 13 0 6 6 3 0 10 6 10 5 8 15 15 13 0 8 12 9 0 5 15 3 15 11 12 15 12 15 1 15 9 15 12 4 7 6 7 3 15 15 9 13 14 1 5 5 	
	15 15 14 9 10 15 14 15 13 0 6 0 6 15 12 11 10 5 8 15 7 10 12 9 5 7 6 5 9 3 15 11 12 15 10 15 1 15 9 3 10 11 10 9 7 3 15 15 9 14 15 4 13 6 	
	3 15 2 12 10 3 14 15 9 0 7 15 12 12 12 1 0 6 6 15 15 13 0 8 13 9 0 9 15 14 3 14 2 13 12 0 1 15 13 6 12 11 10 13 7 3 15 15 9 13 14 1 5 5 	
	3 12 2 15 10 3 14 15 13 0 6 10 11 12 12 1 0 6 6 15 15 13 0 8 12 9 0 5 15 14 15 11 12 15 12 15 1 15 9 3 10 11 10 9 7 3 15 15 9 13 15 4 13 6 	
	14 15 2 7 14 3 14 15 9 0 6 0 6 15 12 3 0 6 8 15 15 13 0 9 5 9 0 5 14 13 10 11 12 15 12 15 1 15 9 15 10 11 10 9 7 3 15 15 9 13 15 4 13 6 	
	15 15 2 7 14 11 10 15 8 0 6 6 3 12 12 1 0 6 8 15 15 13 0 9 5 9 0 5 14 13 10 11 12 15 10 15 1 15 13 6 12 4 7 6 3 3 15 15 9 14 15 4 13 6 	
	15 15 1 12 10 9 14 15 13 0 6 6 3 0 10 6 10 5 8 15 15 13 0 8 12 9 0 5 15 3 15 11 12 15 12 15 1 15 9 3 10 11 11 13 7 3 15 15 9 13 14 1 5 2 	
	5 15 14 12 11 6 14 15 13 0 6 6 6 7 10 1 10 5 8 15 15 13 0 8 12 9 0 5 15 14 15 12 12 15 12 15 1 15 9 15 10 11 10 9 7 3 15 15 9 13 15 4 13 6 	
	15 15 14 9 14 11 10 14 12 6 6 0 6 15 10 11 10 6 6 15 11 0 12 0 12 9 0 5 9 14 15 11 12 15 12 15 1 15 9 15 5 9 11 13 7 3 15 15 10 1 10 15 3 2 	
	5 15 2 12 10 9 1 15 9 0 7 15 12 12 12 1 0 5 8 15 15 13 0 8 13 9 0 9 15 14 3 14 2 13 12 0 1 15 9 15 12 9 9 2 14 9 15 15 9 13 14 1 5 6 	
	5 15 5 4 10 3 14 15 13 0 6 0 6 15 12 3 10 5 8 15 15 13 0 8 12 9 0 5 15 14 15 11 12 15 12 15 1 15 9 15 10 11 10 9 7 3 15 15 9 13 15 4 13 6 	
	5 15 2 12 10 9 1 15 9 0 7 15 12 12 12 1 0 5 8 15 15 13 0 8 13 9 0 9 15 14 3 12 12 15 12 15 1 15 9 15 10 11 10 9 6 3 15 15 9 13 14 1 5 5 	
	5 15 2 7 14 11 10 15 8 0 6 6 3 12 12 1 0 6 8 15 15 13 0 9 5 9 0 5 14 13 10 11 12 15 12 15 1 15 9 3 10 11 10 9 7 3 15 15 9 3 5 15 14 2 	
	5 10 4 6 10 3 14 15 13 0 6 6 3 12 12 1 0 6 6 15 15 13 0 9 0 7 0 9 9 10 15 11 12 15 10 15 1 15 9 3 10 11 10 9 7 3 15 15 9 13 14 15 14 2 	
	6 15 2 7 14 11 1 15 9 0 7 15 12 12 12 1 0 6 6 15 15 13 0 8 12 9 0 5 9 10 15 11 12 15 12 15 1 15 9 3 10 11 10 9 7 3 15 15 9 3 5 15 14 2 	
	14 15 13 7 14 11 10 14 12 6 6 0 6 15 10 11 10 6 6 15 7 7 12 1 12 9 0 5 15 14 15 11 12 15 12 15 1 15 9 3 10 11 10 9 7 3 15 15 9 13 10 6 5 5 	
	15 15 1 9 10 15 1 15 9 0 7 15 12 12 12 3 6 8 6 15 11 10 0 11 12 9 0 5 15 14 3 12 12 15 12 15 1 15 9 15 10 11 10 9 6 3 15 15 9 13 14 1 5 5 	
	15 15 2 7 14 11 10 14 12 6 10 0 6 7 15 4 3 11 15 15 11 0 12 9 5 9 0 5 14 13 10 11 12 15 10 15 1 15 13 6 12 11 10 9 3 3 15 15 9 14 15 4 13 6 	
	5 15 2 9 10 15 14 15 13 0 6 1 11 5 12 7 15 6 6 15 15 13 0 8 12 9 0 5 15 10 15 11 12 15 10 15 1 15 9 3 10 11 11 13 7 3 15 15 9 1 10 15 3 2 	
	15 0 14 2 9 14 14 15 13 0 7 1 3 12 12 1 10 5 8 15 15 13 0 8 12 9 0 5 15 14 15 11 12 15 12 15 1 15 13 15 12 9 9 2 14 3 15 15 9 14 15 4 13 6 	
	3 12 2 15 10 3 14 15 13 0 6 6 3 12 12 1 0 6 6 15 11 10 0 8 12 9 0 9 15 14 3 14 2 13 12 0 1 15 13 6 12 11 10 9 6 3 15 15 9 13 14 1 5 5 	
	5 15 5 4 10 15 1 15 9 0 7 15 12 12 12 1 0 6 6 15 11 0 12 0 13 2 12 5 15 14 15 11 12 15 12 15 1 15 9 3 10 11 10 13 7 3 15 15 10 1 10 15 3 2 	
	5 15 2 7 14 11 14 15 13 0 6 6 6 7 10 1 10 5 8 15 15 13 0 8 13 9 0 9 15 14 15 11 12 13 12 0 1 15 13 6 12 4 7 6 3 3 15 15 9 14 15 4 13 6 	
	6 15 4 6 10 15 14 15 13 0 6 6 3 12 12 1 0 6 6 15 11 10 0 8 12 7 6 5 9 10 15 11 12 15 10 15 1 15 9 3 10 11 10 9 7 3 15 15 9 13 14 9 8 2 	
	14 15 2 7 14 11 10 15 8 0 6 6 3 12 12 11 10 6 6 15 11 0 12 0 13 2 12 5 15 14 15 11 12 15 12 15 1 15 9 3 10 11 10 9 3 3 15 15 9 14 15 4 13 6 	
	11 15 14 12 11 15 14 15 13 0 6 0 6 15 12 3 10 5 8 15 15 13 0 8 12 9 0 5 15 14 15 11 12 15 12 15 1 15 9 3 10 11 10 6 3 3 15 15 9 14 15 4 13 6 	
	15 15 13 7 14 11 10 14 12 6 5 2 7 8 10 11 10 5 8 15 11 0 12 0 13 2 12 5 15 14 15 11 12 15 12 15 1 15 9 3 10 11 10 9 3 3 15 15 9 14 15 4 13 5 	
	5 15 4 6 10 15 1 15 9 0 7 15 12 12 12 1 0 5 8 15 15 13 0 8 13 9 0 9 15 14 3 14 2 13 12 0 1 15 13 6 12 4 7 6 7 3 15 15 9 13 14 1 5 5 	
	15 15 14 9 10 15 14 15 13 0 6 0 6 15 12 11 10 5 8 15 7 10 12 9 5 7 0 5 15 3 15 11 12 15 12 15 1 15 9 3 10 11 10 9 6 3 15 15 9 14 15 4 13 6 	
	15 15 14 9 10 15 14 15 13 0 6 0 6 15 12 11 10 5 8 15 7 10 12 9 5 7 0 5 15 3 15 11 12 15 12 15 1 15 9 3 10 11 10 9 7 3 15 15 9 14 15 4 13 6 	
	15 0 14 2 9 14 14 15 13 0 7 1 3 12 12 1 0 6 6 15 15 13 0 9 5 7 6 5 15 3 15 11 12 15 12 15 1 15 9 15 4 11 10 9 7 3 15 15 9 13 14 1 5 5 	
	5 15 2 12 10 9 1 15 9 0 7 15 12 12 12 1 0 5 8 15 15 13 0 8 13 9 0 9 15 14 3 12 12 15 12 15 1 15 9 15 10 11 10 9 6 3 15 15 9 13 14 1 5 5 	
	15 0 14 2 9 14 14 15 13 0 7 1 3 12 12 1 0 6 6 15 15 13 0 9 5 7 6 5 15 3 15 11 12 15 12 15 1 15 9 15 4 11 10 9 14 9 15 15 9 13 14 1 5 5 	
	11 15 14 12 11 15 14 15 13 0 6 0 6 15 12 3 10 5 8 15 15 13 0 8 12 9 0 5 15 14 15 11 12 15 12 15 1 15 9 3 10 11 10 9 3 3 15 15 9 14 15 4 13 6 	
	3 12 2 15 10 15 1 15 9 0 6 1 11 12 12 1 0 6 6 15 15 13 0 8 12 9 0 5 15 10 15 11 12 15 10 15 1 15 9 3 10 11 11 13 7 3 15 15 9 13 14 1 5 5 	
	5 15 5 4 10 3 14 15 13 0 6 6 3 12 12 1 0 6 6 15 15 13 0 9 0 7 0 9 9 10 15 11 12 15 12 15 1 15 9 15 10 11 10 9 6 3 15 15 9 13 14 1 5 5 	
	15 0 14 2 9 14 7 15 13 0 6 6 3 12 12 1 0 6 6 15 11 10 12 9 5 7 6 5 9 14 15 11 12 15 12 15 1 15 9 3 10 11 11 13 7 3 15 15 9 13 14 1 5 2 	
	6 15 2 7 14 11 10 15 8 0 6 6 3 12 12 1 0 5 8 15 15 13 0 8 12 9 0 5 15 14 15 11 12 15 12 15 1 15 9 3 10 11 10 9 6 3 15 15 9 13 14 1 5 5 	
	15 15 13 7 14 11 10 14 12 6 10 0 6 7 15 4 3 11 15 15 11 0 12 9 5 9 0 5 14 13 10 11 12 15 10 15 1 15 13 6 12 11 10 9 3 3 15 15 9 14 15 4 13 6 	
	15 15 14 8 14 15 14 15 13 0 6 0 6 15 12 3 6 8 4 6 11 0 12 8 12 9 0 9 15 14 3 12 12 15 12 15 1 15 9 15 10 11 10 9 3 3 15 15 9 14 15 4 13 6 	
	6 15 14 12 10 5 1 15 9 0 7 15 12 12 12 1 0 6 6 15 15 13 0 8 12 9 0 5 15 10 15 11 12 15 10 15 1 15 9 3 10 11 11 13 7 3 15 15 10 1 10 15 3 2 	
	3 12 2 6 10 15 14 15 11 0 7 1 3 12 12 1 0 6 8 15 15 13 0 9 0 7 15 8 5 12 6 14 2 13 12 0 1 15 13 6 12 4 7 6 3 3 15 15 9 14 15 4 13 6 	
	5 15 4 6 10 15 1 15 9 0 7 15 12 12 12 1 10 5 8 15 15 13 0 8 12 9 0 5 15 14 15 11 12 15 12 15 1 15 13 15 12 9 9 9 3 3 15 15 9 14 15 4 13 6 	
	15 0 14 2 9 14 14 15 13 0 7 1 3 12 12 1 10 5 8 15 15 13 0 8 13 9 0 9 15 14 6 14 2 13 12 0 1 15 13 6 12 4 7 6 3 3 15 15 9 14 15 4 13 6 	
	15 15 1 9 10 15 14 15 12 6 5 2 7 8 10 11 10 5 8 15 7 10 0 8 12 9 0 5 15 14 15 11 12 15 12 15 1 15 9 15 5 11 10 9 7 3 15 15 9 13 14 1 5 5 	
	6 15 5 4 10 15 14 15 13 0 7 1 3 12 12 1 10 5 8 15 15 0 12 0 13 2 12 5 15 14 15 11 12 15 12 15 1 15 9 3 10 11 11 13 7 3 15 15 9 3 5 15 14 2 	
	15 0 14 2 9 14 14 15 13 0 7 1 3 12 12 1 0 6 6 15 15 13 0 9 5 7 6 5 15 3 15 11 12 15 12 15 1 15 9 15 4 11 10 9 14 9 15 15 9 13 14 1 5 2 	
	5 15 2 12 10 9 1 15 9 0 7 15 12 12 12 1 0 5 8 15 15 13 0 8 13 9 0 9 15 14 3 14 2 13 12 0 1 15 9 15 12 9 9 2 14 3 15 15 9 14 15 4 13 6 	
	14 15 2 8 14 15 14 15 13 0 6 0 6 15 12 3 6 8 4 6 15 13 0 8 12 9 0 5 15 14 15 11 12 15 12 15 1 15 9 3 10 11 10 9 7 3 15 15 9 13 14 1 5 5 	
	6 15 14 12 10 5 1 15 9 0 7 15 12 12 12 1 0 6 6 15 15 13 0 8 12 9 0 5 15 10 15 11 12 15 10 15 1 15 9 3 10 11 11 13 7 3 15 15 9 1 10 15 3 6 	
	6 15 2 7 14 11 1 15 9 0 7 15 12 12 12 1 0 6 6 15 15 13 0 8 12 9 0 5 9 10 15 11 12 15 12 15 1 15 9 3 10 11 10 9 7 3 15 15 9 3 5 15 14 2 	
	15 15 13 7 14 11 10 14 12 6 5 2 7 8 10 11 10 5 8 15 7 7 12 0 13 2 12 5 15 14 15 11 12 15 12 15 1 15 9 3 10 11 11 13 7 3 15 15 9 3 5 15 13 6 	
	15 15 14 8 14 15 14 15 13 0 6 0 6 15 12 11 12 6 6 15 11 0 12 8 12 9 0 5 15 14 15 11 12 15 12 15 1 15 9 3 10 11 10 9 7 3 15 15 9 13 14 9 5 5 	
	15 15 2 7 14 11 10 14 12 6 5 2 7 8 10 11 10 5 12 15 11 0 12 8 12 9 0 9 9 10 15 11 12 15 12 15 1 15 9 15 5 9 11 13 7 3 15 15 9 3 5 15 14 6 	
	15 0 14 2 9 14 14 15 12 6 5 2 7 8 10 11 10 5 8 15 11 0 12 0 13 2 12 5 15 14 15 11 12 15 12 15 1 15 9 3 10 11 10 9 3 3 15 15 9 14 15 4 13 5 	
	5 15 2 12 10 9 1 15 9 0 7 15 12 12 12 1 0 5 8 15 15 13 0 8 13 9 0 5 15 14 15 11 12 15 12 15 1 15 9 3 10 11 10 9 3 3 15 15 9 14 15 4 13 6 	
	5 15 5 4 10 3 14 15 13 0 6 6 3 12 12 1 0 6 6 15 15 13 0 9 0 7 0 9 9 14 3 14 2 13 12 0 1 15 13 6 12 4 7 6 7 3 15 15 9 13 14 1 5 5 	
	5 10 4 6 10 15 14 15 11 0 7 1 3 12 12 1 0 6 8 15 15 13 0 9 0 7 15 8 5 14 15 14 2 13 12 0 1 15 13 6 12 11 10 13 7 3 15 15 9 13 14 1 5 2 	
	5 15 14 12 11 6 14 15 13 0 6 6 6 7 10 1 10 5 8 15 15 13 0 8 12 9 0 5 15 14 15 12 12 15 12 15 1 15 9 15 10 11 10 9 7 3 15 15 9 13 15 4 13 6 	
	6 15 14 12 11 6 14 15 13 0 6 0 6 15 12 3 10 5 8 15 15 13 0 8 12 9 0 5 15 14 15 11 12 15 12 15 1 15 9 15 10 11 10 9 7 3 15 15 9 13 15 4 13 6 	
	15 15 14 8 14 15 14 15 13 0 6 0 6 15 12 11 12 6 6 15 11 0 12 8 12 9 0 5 15 14 15 11 12 15 12 15 1 15 9 3 10 11 10 9 7 3 15 15 9 13 14 9 5 5 	
	11 15 14 12 11 6 14 15 13 0 6 6 6 7 10 1 10 5 8 15 15 13 0 8 12 9 0 5 15 14 15 12 12 15 12 15 1 15 9 15 10 11 10 9 6 3 15 15 9 13 14 1 5 5 	
	15 0 14 2 9 14 14 15 13 0 7 1 3 12 12 1 10 5 8 15 15 13 0 8 13 9 0 9 15 14 6 14 2 13 12 0 1 15 13 6 12 4 7 6 3 3 15 15 9 14 15 4 13 6 	
	15 15 1 9 10 15 14 15 12 6 5 2 7 8 10 11 10 5 8 15 7 10 12 9 5 9 0 5 15 14 3 12 12 15 12 15 1 15 9 15 10 11 10 9 6 3 15 15 9 13 14 1 5 5 	
	5 15 2 12 10 9 1 15 9 0 7 15 12 12 12 1 0 5 8 15 15 13 0 8 13 9 0 9 15 14 3 14 2 13 12 0 1 15 9 15 12 9 9 2 14 9 15 15 9 13 14 1 5 6 	
	15 15 1 9 10 15 14 15 13 0 6 0 6 15 12 11 10 5 8 15 15 13 0 8 12 9 0 5 15 3 15 11 12 15 12 15 1 15 9 3 10 11 11 13 7 3 15 15 9 13 14 1 5 2 	
	5 15 4 6 10 15 1 15 9 0 7 15 12 12 12 1 10 5 8 15 15 13 0 8 12 9 0 5 15 14 15 11 12 15 12 15 1 15 13 15 12 9 9 9 3 3 15 15 9 14 15 4 13 5 	
	11 12 2 15 10 5 14 15 9 0 7 1 3 12 12 1 10 5 8 15 15 13 0 8 12 9 0 5 15 14 15 11 12 15 12 15 1 15 9 3 10 11 10 9 3 3 15 15 9 14 15 4 13 6 	
	15 15 14 8 14 15 14 15 13 0 6 0 6 15 10 11 10 6 6 15 11 0 12 0 13 2 12 5 15 14 15 11 12 15 12 15 1 15 9 3 10 11 11 13 7 3 15 15 9 3 5 15 14 2 	
	6 15 14 12 10 15 14 15 13 0 6 0 6 15 10 11 10 6 6 15 11 0 12 8 12 9 0 9 15 14 3 12 12 15 12 15 1 15 9 15 10 11 10 9 6 3 15 15 9 13 14 9 5 5 	
	15 15 2 7 14 11 10 15 8 0 6 6 3 12 12 1 0 6 8 15 15 13 0 9 5 9 0 5 14 13 10 11 12 15 10 15 1 15 13 6 12 4 7 6 3 3 15 15 9 14 15 4 13 6 	
	5 10 4 6 10 15 1 15 9 0 7 15 12 12 12 1 0 6 6 15 15 13 0 8 13 9 0 9 15 14 3 14 2 13 12 0 1 15 13 6 12 4 7 9 7 3 15 15 10 1 10 15 3 6 	
	15 15 2 7 14 11 10 15 8 0 6 6 3 12 12 1 0 6 8 15 15 13 0 9 5 9 0 5 14 13 3 14 2 13 12 0 1 15 13 6 12 4 7 6 7 3 15 15 9 13 14 1 5 5 	
	5 10 4 6 10 15 1 15 9 0 7 15 12 12 12 1 0 6 6 15 15 13 0 8 13 9 0 9 15 14 3 14 2 13 12 0 1 15 13 6 12 4 7 9 7 3 15 15 10 1 15 4 13 6 	
	5 15 2 12 10 9 1 15 9 0 7 15 12 12 12 1 0 5 8 15 15 13 0 8 13 9 0 9 15 14 3 12 12 15 12 15 1 15 9 15 10 11 10 9 7 3 15 15 9 13 14 9 8 2 	
	15 15 2 7 14 11 1 15 9 0 7 15 12 12 12 1 0 6 6 15 15 13 0 8 12 9 0 5 9 10 15 11 12 15 12 15 1 15 9 3 10 11 10 9 7 3 15 15 9 3 5 15 14 2 	
	5 15 5 4 10 3 14 15 13 0 6 0 6 15 12 3 10 5 8 15 15 13 0 8 12 9 0 5 15 14 15 11 12 15 12 15 1 15 9 15 10 11 10 9 7 3 15 15 9 13 15 4 13 6 	
	15 15 1 9 11 6 14 15 13 0 6 6 6 7 10 1 10 5 8 15 15 13 0 8 13 9 0 9 15 14 15 11 12 13 12 0 1 15 13 6 12 4 7 6 3 3 15 15 9 14 15 4 13 6 	
	15 15 1 9 10 15 14 15 13 0 6 6 3 12 12 1 10 5 8 15 15 13 0 8 12 9 0 5 15 14 3 12 12 15 12 15 1 15 9 15 10 11 10 9 7 3 15 15 9 13 15 4 13 6 	
	15 15 14 9 10 15 14 15 13 0 6 0 6 15 12 11 10 5 8 15 7 10 12 9 5 7 0 5 15 3 15 11 12 15 12 15 1 15 9 3 10 11 10 9 7 3 15 15 9 14 15 4 13 2 	
	6 15 14 12 11 6 14 15 13 0 6 0 6 15 10 1 10 5 8 15 15 13 0 8 12 9 0 5 15 14 15 11 12 15 12 15 1 15 9 15 5 9 11 13 7 3 15 15 9 13 14 4 13 6 	
	15 0 14 2 9 14 14 15 13 0 7 1 3 12 12 1 0 6 6 15 15 13 0 9 5 7 6 5 15 3 15 11 12 15 12 15 1 15 9 15 4 11 10 9 14 9 15 15 9 13 14 1 5 5 	
	6 15 2 12 10 9 14 15 13 0 6 6 3 0 10 6 10 5 8 15 15 13 0 8 12 9 0 5 15 14 15 11 12 15 12 15 1 15 9 3 10 11 11 13 7 3 15 15 9 13 14 1 5 5 	
	6 15 14 12 10 15 14 15 13 0 6 0 6 15 10 11 10 6 6 15 11 0 12 0 12 7 6 5 9 3 15 11 12 15 10 15 1 15 9 3 10 11 11 13 7 3 15 15 9 3 5 15 14 2 	
	15 15 1 9 10 15 1 15 9 0 7 15 12 12 12 1 0 5 8 15 15 13 0 8 13 9 0 9 15 14 3 14 2 13 12 0 1 15 13 6 12 4 7 6 7 3 15 15 9 13 15 4 13 6 	
	3 12 2 15 10 3 14 15 13 0 6 6 3 12 12 1 0 6 6 15 11 10 0 8 12 9 0 9 15 14 3 14 2 13 12 0 1 15 13 6 12 11 10 9 6 3 15 15 9 13 14 1 5 5 	
	5 15 5 4 10 3 14 15 13 0 6 6 3 12 10 1 10 5 8 15 15 13 0 8 12 9 0 5 15 3 15 11 12 15 12 15 1 15 9 15 10 11 10 9 7 3 15 15 9 13 14 1 5 5 	
	6 15 5 4 10 15 14 15 13 0 7 1 3 12 12 1 10 5 8 15 15 13 0 8 12 9 0 5 15 14 15 11 12 15 12 15 1 15 13 15 12 9 9 9 3 3 15 15 9 14 15 4 13 6 	
	15 15 14 8 14 15 14 15 13 0 6 0 6 15 12 3 6 8 4 6 7 7 12 1 12 9 0 5 15 14 15 11 12 15 12 15 1 15 9 3 10 11 10 9 3 3 15 15 9 14 15 4 13 6 	
	15 15 1 12 10 9 14 15 13 0 6 6 3 0 10 6 10 5 8 15 15 13 0 8 12 9 0 5 15 3 15 11 12 15 12 15 1 15 9 3 10 11 11 13 7 3 15 15 9 13 14 1 5 2 	
	15 0 14 2 9 14 7 15 13 0 6 6 3 12 12 1 0 6 6 15 11 10 12 9 5 7 6 5 9 14 3 12 12 15 12 15 1 15 9 15 10 11 10 9 7 3 15 15 9 13 15 4 13 6 	
	6 15 14 12 11 6 14 15 13 0 6 0 6 15 12 3 10 5 8 15 11 0 12 8 12 9 0 9 9 10 15 11 12 15 12 15 1 15 9 15 5 9 11 13 7 3 15 15 9 3 5 15 14 6 	
	6 15 5 4 10 15 14 15 13 0 6 1 11 15 12 3 10 5 8 15 15 13 0 8 12 9 0 5 15 14 15 11 12 15 12 15 1 15 9 3 10 11 10 9 7 3 15 15 9 13 14 1 5 5 	
	6 15 2 7 14 11 1 15 9 0 7 15 12 12 12 1 0 6 6 15 15 13 0 8 12 9 0 5 9 10 15 11 12 15 12 15 1 15 9 3 10 11 10 9 7 3 15 15 9 3 5 15 14 2 	
	5 15 14 12 11 6 14 15 13 0 6 6 6 12 12 1 0 6 8 15 15 13 0 9 5 9 0 5 14 13 10 11 12 15 10 15 1 15 13 6 12 4 7 6 7 3 15 15 9 13 14 1 5 5 	
	15 0 14 2 9 14 14 15 13 0 7 1 3 12 12 1 0 6 6 15 15 13 0 9 5 7 6 5 15 3 15 11 12 15 12 15 1 15 9 15 4 11 10 9 14 9 15 15 9 13 14 1 5 5 	
	15 0 14 2 9 14 14 15 13 0 7 1 3 12 12 1 0 6 6 15 15 13 0 9 5 7 6 5 15 3 15 11 12 15 12 15 1 15 9 15 4 11 10 9 7 3 15 15 9 13 14 1 5 5 	
